1:"$Sreact.fragment"
2:I[41908,["6874","static/chunks/6874-de6c384b2254c878.js","4277","static/chunks/4277-16b302ead844c3c3.js","2562","static/chunks/2562-e5a77c9b5731ca20.js","7177","static/chunks/app/layout-4f94976a3ff30bfa.js"],"Header"]
3:I[87555,[],""]
4:I[31295,[],""]
12:I[6874,["988","static/chunks/993e5495-ceced5df4a7d4ff5.js","9425","static/chunks/bf2ff291-175a61ce06570ee5.js","7330","static/chunks/d3ac728e-d9ea9418175c70ca.js","9323","static/chunks/25b8c134-bf7c1d613611dad7.js","8897","static/chunks/71d5b6fe-a160bf55b2f45703.js","6874","static/chunks/6874-de6c384b2254c878.js","4277","static/chunks/4277-16b302ead844c3c3.js","8676","static/chunks/8676-541b7046ecd4553b.js","6909","static/chunks/app/blog/%5B...slug%5D/page-a3e7837a86861ac6.js"],""]
13:I[26224,["6874","static/chunks/6874-de6c384b2254c878.js","4277","static/chunks/4277-16b302ead844c3c3.js","2562","static/chunks/2562-e5a77c9b5731ca20.js","7177","static/chunks/app/layout-4f94976a3ff30bfa.js"],"Analytics"]
14:I[5392,["6874","static/chunks/6874-de6c384b2254c878.js","4277","static/chunks/4277-16b302ead844c3c3.js","2562","static/chunks/2562-e5a77c9b5731ca20.js","7177","static/chunks/app/layout-4f94976a3ff30bfa.js"],"LeanCloudAnalytics"]
16:I[59665,[],"OutletBoundary"]
19:I[59665,[],"ViewportBoundary"]
1b:I[59665,[],"MetadataBoundary"]
1d:I[26614,[],""]
:HL["/_next/static/css/9a7fb0f488a25401.css","style"]
:HL["/_next/static/css/2f46e0db0d4a3aed.css","style"]
5:Tf38, M 688.83 727.20 Q 695.41 727.12 701.50 727.23 Q 723.21 727.62 739.77 727.67 Q 802.87 727.88 858.27 727.47 Q 858.61 727.47 858.63 727.12 Q 860.27 674.60 860.18 621.50 Q 860.14 602.46 858.18 583.82 C 856.55 568.37 850.72 554.93 838.46 545.91 Q 830.36 539.94 820.32 535.80 C 797.31 526.31 770.38 522.94 745.02 521.83 Q 736.05 521.43 727.28 520.82 A 2.00 1.95 73.5 0 1 725.81 520.00 Q 720.66 512.84 715.38 505.87 Q 700.58 486.33 681.70 472.71 Q 675.07 467.93 668.48 464.71 A 0.54 0.54 0.0 0 1 668.38 463.79 C 682.82 452.44 687.68 433.25 681.39 416.16 C 678.87 409.33 673.61 402.41 667.64 398.44 A 0.71 0.71 0.0 0 1 667.50 397.37 C 678.40 385.05 685.08 371.72 681.23 355.05 Q 681.09 354.42 681.67 354.15 Q 684.53 352.81 687.91 351.12 C 698.07 346.02 704.82 335.36 700.26 324.16 Q 697.38 317.09 689.37 319.17 C 683.34 320.74 677.56 322.81 671.24 322.13 Q 670.72 322.07 670.55 321.58 Q 664.36 304.57 649.21 292.79 Q 633.47 280.54 613.83 282.25 C 611.58 282.44 609.53 282.95 607.41 283.77 Q 606.43 284.14 606.99 283.25 C 611.24 276.40 597.95 267.34 593.30 264.89 C 576.90 256.29 553.94 254.94 536.72 261.49 Q 536.09 261.74 535.75 261.15 C 532.35 255.22 525.81 251.41 519.01 250.72 Q 510.95 249.89 503.95 251.99 C 485.91 257.41 471.99 270.83 463.63 287.80 Q 460.70 293.75 459.31 300.45 A 0.40 0.39 -67.0 0 1 458.70 300.70 C 447.94 293.44 433.18 290.33 420.86 293.97 C 415.77 295.47 409.61 299.94 408.89 305.31 Q 408.17 310.65 415.08 313.06 Q 423.85 316.12 434.77 317.05 Q 436.64 317.20 435.01 318.12 Q 420.66 326.21 412.08 340.58 Q 410.42 343.35 409.50 346.63 A 2.14 2.12 -7.6 0 1 408.51 347.91 Q 405.77 349.51 402.54 349.94 Q 388.65 351.79 379.08 344.22 C 376.83 342.45 373.50 341.86 371.18 343.78 C 367.92 346.47 366.08 351.12 365.74 355.25 C 364.47 370.50 376.25 377.41 389.56 378.63 A 0.51 0.51 0.0 0 1 389.94 379.42 C 380.72 393.37 375.27 413.80 378.99 430.38 Q 382.68 446.81 398.42 454.12 Q 400.43 455.05 405.54 455.96 C 409.05 456.59 412.14 454.21 411.44 450.56 Q 411.03 448.40 412.65 449.90 Q 420.32 457.04 431.09 457.15 Q 432.52 457.16 434.02 457.16 Q 434.79 457.16 434.61 457.91 C 432.79 465.35 432.46 471.98 435.02 479.56 C 438.72 490.50 447.90 497.87 459.46 499.54 C 462.17 499.93 464.82 499.72 467.53 499.63 Q 468.18 499.61 468.72 499.97 Q 480.41 507.59 488.81 510.42 Q 495.73 512.75 503.93 514.35 A 0.67 0.67 0.0 0 1 504.19 515.56 Q 501.48 517.48 499.19 519.75 Q 490.24 528.65 481.81 538.76 C 479.31 541.76 477.19 544.90 474.69 547.85 Q 471.88 551.18 469.43 554.82 Q 464.02 562.87 458.90 570.69 A 0.46 0.45 -38.5 0 1 458.09 570.60 Q 453.15 557.35 446.84 543.97 Q 444.19 538.36 440.54 532.87 C 437.00 527.57 430.38 527.27 424.73 526.77 Q 421.01 526.44 417.28 526.36 Q 387.18 525.74 375.47 525.06 Q 324.43 522.08 296.99 521.44 Q 258.14 520.54 219.19 521.44 C 211.98 521.61 204.75 524.25 205.45 533.06 Q 206.12 541.51 208.87 550.83 Q 223.99 602.08 238.00 641.56 C 239.29 645.18 240.77 648.75 241.95 652.37 C 244.88 661.36 248.34 670.17 251.52 679.09 Q 258.80 699.49 267.35 719.17 A 0.48 0.48 0.0 0 1 266.87 719.84 Q 264.49 719.61 261.76 719.68 Q 226.71 720.49 191.07 722.72 Q 189.40 722.83 187.67 725.73 C 186.36 727.94 189.54 730.49 191.25 730.59 Q 201.56 731.22 210.75 731.06 Q 238.63 730.58 267.00 730.15 Q 268.76 730.12 270.56 730.32 Q 271.07 730.38 271.40 730.77 C 273.36 733.11 274.75 737.45 276.04 740.18 Q 278.92 746.25 284.46 746.38 Q 298.45 746.71 313.34 747.99 Q 322.61 748.78 333.24 749.25 Q 390.38 751.74 431.53 751.74 Q 467.78 751.73 500.82 752.37 Q 507.32 752.50 511.82 749.78 Q 512.25 749.53 512.74 749.58 Q 521.89 750.55 534.00 750.73 C 573.13 751.32 609.22 751.61 647.16 752.09 Q 648.70 752.11 650.24 751.96 C 652.80 751.72 655.35 752.10 657.93 752.05 C 668.40 751.83 678.59 751.98 689.17 750.64 C 692.61 750.20 694.22 747.61 694.70 744.49 Q 695.37 740.09 695.49 735.30 Q 695.67 728.24 688.38 728.04 Q 688.28 728.04 688.29 727.94 L 688.31 727.68 Q 688.34 727.20 688.83 727.206:T848, M 529.89 270.34 C 528.73 268.21 527.72 265.59 525.91 263.97 C 518.94 257.71 507.69 259.81 499.71 263.53 C 497.32 264.64 494.96 265.73 492.77 267.23 Q 477.37 277.73 470.48 294.48 Q 467.05 302.83 466.93 313.43 C 466.88 317.20 460.42 317.53 459.16 313.73 C 458.27 311.03 456.44 308.90 453.98 307.39 C 445.40 302.12 427.32 296.70 418.40 304.03 A 0.55 0.55 0.0 0 0 418.56 304.97 Q 421.28 306.01 423.90 306.37 Q 434.36 307.83 445.30 309.52 Q 449.13 310.11 452.99 311.80 Q 457.25 313.66 455.35 318.05 A 2.59 2.58 -85.6 0 1 453.64 319.52 Q 438.85 323.48 427.82 334.33 Q 420.47 341.57 417.95 347.88 C 415.68 353.54 412.34 356.14 406.33 357.80 Q 389.55 362.45 375.90 353.19 Q 374.99 352.57 374.85 353.67 C 373.19 367.37 385.47 369.98 395.98 369.67 Q 397.89 369.61 399.31 370.40 Q 404.75 373.44 401.31 378.57 Q 397.71 383.95 394.88 389.21 Q 388.10 401.83 387.17 416.70 C 386.44 428.37 389.87 438.51 400.19 445.07 A 0.29 0.29 0.0 0 0 400.62 444.73 Q 394.90 428.04 399.25 409.21 Q 401.63 398.93 405.72 389.71 Q 411.65 376.32 419.73 364.26 Q 426.59 354.02 432.52 346.60 Q 437.48 340.41 444.34 334.10 C 447.72 330.99 451.62 328.70 455.46 326.34 Q 459.85 323.64 465.74 323.27 C 472.75 322.83 474.91 314.40 478.65 309.84 Q 490.54 295.37 505.97 288.45 Q 532.19 276.71 565.00 279.65 Q 570.67 280.16 578.22 282.22 Q 592.48 286.12 601.67 296.37 C 602.58 297.39 603.96 298.15 605.24 298.32 C 618.81 300.12 633.73 303.64 643.29 314.02 C 647.43 318.51 650.25 322.76 652.60 328.29 C 653.11 329.48 654.00 330.57 655.06 331.31 Q 664.69 337.98 676.49 337.97 Q 681.67 337.97 687.08 337.28 Q 689.10 337.02 690.94 336.13 A 3.76 3.75 -10.5 0 0 693.04 333.09 Q 693.28 330.28 692.83 327.49 Q 692.56 325.78 690.94 326.40 C 682.65 329.56 675.48 331.42 666.38 329.83 C 665.01 329.59 664.08 328.85 663.60 327.55 C 657.59 311.29 644.05 295.27 626.59 292.28 Q 617.91 290.79 608.29 291.55 C 605.10 291.81 604.87 287.23 605.75 285.26 A 0.44 0.44 0.0 0 0 605.22 284.65 Q 601.78 285.71 599.70 282.35 Q 596.03 276.38 589.41 273.07 Q 582.85 269.80 577.17 268.44 Q 561.91 264.79 546.10 267.96 Q 543.18 268.54 540.46 269.74 C 537.92 270.86 531.84 273.94 529.89 270.347:T51c, M 606.80 429.05 C 605.12 425.41 607.82 421.70 609.81 418.72 Q 611.38 416.38 608.80 417.49 Q 607.24 418.16 605.54 418.40 Q 591.35 420.37 578.41 416.70 Q 577.87 416.55 577.66 417.08 C 575.64 422.21 568.10 423.66 563.17 424.40 C 541.15 427.68 518.56 419.84 503.03 404.13 Q 501.99 403.07 502.66 404.40 Q 506.61 412.15 513.17 417.42 Q 515.07 418.95 516.25 420.72 Q 517.86 423.15 515.09 426.10 C 513.13 428.20 507.48 427.43 504.89 426.96 Q 492.67 424.76 482.12 417.40 Q 464.07 404.80 460.07 384.35 Q 459.77 382.83 459.13 384.24 Q 448.77 407.12 446.19 431.76 Q 446.13 432.37 446.39 432.91 Q 450.30 441.04 454.60 449.34 C 456.77 453.53 458.79 458.02 459.78 462.56 C 460.73 466.90 460.73 471.54 462.33 475.71 C 467.92 490.33 482.98 497.73 497.17 501.97 Q 503.75 503.94 510.55 504.93 Q 535.82 508.63 560.54 504.61 C 578.30 501.73 595.27 495.11 609.79 483.87 Q 618.51 477.13 623.73 468.44 C 625.86 464.89 628.14 463.65 632.26 464.43 C 637.54 465.44 643.61 463.88 648.60 462.43 Q 657.32 459.89 664.16 453.29 C 677.89 440.03 677.17 415.26 659.67 405.54 Q 657.48 404.32 655.06 404.34 C 651.69 404.38 647.56 403.21 644.77 405.73 Q 643.04 407.30 640.93 407.66 Q 640.28 407.78 639.76 407.36 L 638.78 406.56 Q 638.23 406.12 637.95 406.77 C 633.56 416.77 626.88 425.28 617.13 430.38 C 614.22 431.90 608.51 432.74 606.80 429.058:Tb09, M 748.43 704.46 Q 748.41 705.70 748.84 706.90 A 1.40 1.39 -38.3 0 1 748.69 708.13 Q 746.36 711.65 742.85 712.72 Q 739.26 713.80 735.73 715.17 Q 735.52 715.25 735.50 715.46 Q 735.48 715.74 736.19 715.80 Q 736.41 715.81 736.63 715.80 Q 740.30 715.56 743.82 715.82 C 745.55 715.94 747.07 715.38 748.84 715.56 Q 750.76 715.75 752.82 715.71 Q 762.85 715.53 772.36 715.75 A 0.36 0.36 0.0 0 0 772.73 715.35 Q 769.06 685.66 763.46 658.45 Q 762.72 654.86 762.11 651.58 C 757.61 627.74 750.61 600.66 741.49 575.90 Q 729.78 544.13 711.75 517.82 Q 703.65 506.00 693.99 496.11 Q 689.26 491.26 682.50 485.72 Q 670.76 476.09 657.63 470.67 A 2.68 2.64 44.7 0 0 655.62 470.67 Q 644.33 475.29 632.15 474.72 A 1.12 1.10 -73.5 0 0 631.14 475.28 L 628.92 479.13 A 1.47 1.44 46.5 0 0 628.90 480.54 Q 630.11 482.85 630.24 485.24 Q 630.80 495.49 624.88 505.71 Q 616.94 519.40 606.17 527.52 Q 594.56 536.27 580.32 541.41 C 569.05 545.47 553.66 546.36 543.45 539.67 C 536.49 535.11 530.64 526.38 533.59 518.00 A 0.56 0.55 10.1 0 0 533.07 517.26 Q 526.89 517.14 518.83 516.73 Q 516.86 516.63 515.46 517.61 Q 508.86 522.23 501.35 530.73 C 487.05 546.92 474.29 563.91 463.78 582.86 A 1.57 1.55 -41.0 0 0 463.68 584.18 C 468.28 596.42 473.11 608.52 477.44 620.81 C 480.90 630.66 484.90 641.06 487.93 650.47 Q 494.37 670.50 501.48 692.75 A 0.51 0.50 58.2 0 0 502.32 692.95 Q 508.21 686.96 515.06 680.76 C 518.80 677.38 522.67 676.14 527.37 674.55 Q 540.05 670.27 550.85 667.81 Q 551.39 667.69 551.25 667.15 C 549.71 660.95 551.87 656.82 556.51 653.23 Q 559.09 651.23 561.21 650.19 Q 583.85 639.10 604.84 628.07 C 607.63 626.60 611.09 625.49 612.36 622.21 Q 619.16 604.68 625.14 593.99 C 637.11 572.58 654.45 555.00 674.59 540.49 C 678.13 537.93 684.91 533.12 689.12 533.78 C 693.38 534.44 694.10 539.60 690.29 541.75 Q 685.22 544.61 680.05 547.91 C 677.90 549.28 676.14 551.04 673.99 552.40 Q 671.56 553.95 669.37 555.85 Q 659.37 564.54 653.55 570.56 Q 633.70 591.12 622.37 619.02 Q 622.15 619.56 622.67 619.29 Q 628.89 616.01 635.38 613.42 Q 643.30 610.27 652.48 610.36 Q 663.90 610.46 674.60 610.62 Q 680.68 610.71 688.36 611.87 C 691.51 612.34 695.35 614.66 693.90 618.35 Q 693.01 620.59 691.36 621.79 A 1.80 1.79 27.7 0 1 690.29 622.12 Q 686.10 622.00 681.53 621.46 Q 665.77 619.59 643.21 621.21 Q 640.68 621.39 638.52 622.41 Q 622.94 629.78 612.21 635.72 Q 604.61 639.93 597.35 643.31 Q 595.65 644.11 594.02 645.17 C 591.43 646.84 588.36 647.65 585.59 649.05 Q 575.00 654.37 564.07 659.51 Q 562.61 660.19 561.51 661.29 A 1.61 1.61 0.0 0 0 562.68 664.04 Q 567.79 663.93 572.04 667.94 Q 585.35 680.53 592.52 698.10 Q 595.05 704.32 595.57 711.28 Q 595.62 711.92 596.26 711.95 Q 640.07 713.93 683.93 715.80 Q 690.15 716.07 697.54 714.85 C 712.69 712.35 726.54 707.79 741.22 701.61 Q 743.10 700.82 744.64 701.01 C 746.41 701.23 748.46 702.42 748.43 704.469:T660, M 226.32 543.26 Q 229.16 542.57 232.22 542.45 Q 252.06 541.69 271.01 542.06 Q 298.99 542.60 329.96 543.60 Q 361.66 544.63 422.48 548.18 Q 428.78 548.55 428.57 554.91 Q 428.56 555.41 428.90 555.79 C 429.65 556.60 430.19 557.19 430.67 558.22 Q 439.16 576.33 447.70 598.70 Q 465.01 644.06 477.97 687.32 Q 483.91 707.17 489.31 724.30 Q 491.96 732.73 495.22 740.57 Q 495.64 741.56 496.71 741.66 Q 500.75 742.03 503.87 741.48 Q 505.00 741.28 504.62 740.20 Q 492.83 706.61 482.13 672.20 Q 481.20 669.22 480.24 666.41 Q 479.15 663.21 478.09 659.91 Q 477.04 656.63 475.93 653.38 Q 457.86 600.40 437.30 550.76 C 436.27 548.28 433.00 540.19 429.95 539.71 Q 422.39 538.53 412.52 538.45 Q 394.64 538.30 363.74 536.89 C 343.36 535.96 323.57 534.62 303.51 534.00 Q 260.08 532.67 216.57 532.86 Q 214.83 532.87 215.12 534.58 Q 215.82 538.70 217.27 543.52 Q 220.57 554.51 223.91 564.57 Q 230.66 584.91 237.49 605.26 C 238.36 607.83 239.40 610.06 240.24 612.52 Q 252.45 648.13 269.54 693.23 C 270.43 695.58 271.59 697.75 272.46 700.07 Q 278.71 716.69 285.80 733.59 Q 286.32 734.82 287.65 734.89 Q 305.72 735.91 323.84 737.07 Q 333.80 737.71 346.00 738.02 Q 398.74 739.33 451.48 739.47 C 462.15 739.50 472.82 739.25 483.50 739.59 A 0.57 0.57 0.0 0 0 484.05 738.82 Q 481.81 732.87 480.18 727.53 Q 473.59 706.02 465.92 680.69 Q 449.54 626.62 426.63 568.11 Q 424.75 563.31 424.50 558.41 Q 424.46 557.72 423.79 557.86 C 422.53 558.11 421.38 558.13 420.10 558.07 Q 380.52 556.01 346.73 554.14 Q 338.45 553.68 327.76 553.32 Q 318.06 553.00 308.74 552.56 Q 269.64 550.72 229.94 550.43 Q 227.80 550.41 225.65 549.54 C 222.79 548.39 223.30 543.99 226.32 543.26a:T5d4, M 632.74 733.32 Q 633.25 732.56 633.49 731.69 A 2.47 2.46 8.2 0 1 635.94 729.86 L 652.20 730.25 Q 652.48 730.26 652.54 729.98 Q 652.60 729.70 652.36 729.65 Q 646.85 728.39 642.33 727.81 Q 633.66 726.69 633.57 726.68 Q 618.52 724.32 602.28 721.42 Q 590.32 719.29 559.74 716.45 Q 557.93 716.28 556.44 715.47 A 2.11 2.09 -42.8 0 0 554.58 715.41 Q 549.75 717.65 545.54 719.22 C 542.78 720.26 535.25 719.09 533.52 715.93 A 1.17 1.17 0.0 0 0 531.88 715.49 C 529.66 716.84 527.46 718.02 524.75 717.85 Q 520.74 717.58 516.80 716.25 Q 516.21 716.05 515.81 715.56 L 515.00 714.56 Q 514.57 714.04 513.91 714.12 L 509.66 714.64 A 0.59 0.59 0.0 0 0 509.19 715.47 L 510.46 718.26 Q 510.72 718.85 511.37 718.86 Q 520.76 719.01 528.97 719.85 C 540.69 721.05 551.86 721.99 563.25 722.44 C 574.68 722.89 585.54 723.64 597.05 725.09 C 605.59 726.16 614.19 726.35 623.09 727.97 C 625.78 728.46 631.90 730.10 630.34 733.94 C 628.81 737.73 619.59 736.40 616.81 735.56 Q 614.60 734.89 611.85 734.99 Q 604.22 735.27 596.09 734.29 Q 590.83 733.66 585.78 733.22 Q 560.45 730.96 533.89 728.35 C 527.30 727.71 520.59 727.80 514.18 726.45 A 0.59 0.58 86.2 0 0 513.51 727.22 L 517.43 738.53 A 0.82 0.81 80.4 0 0 518.20 739.08 C 522.67 739.06 527.14 739.39 531.62 739.45 Q 603.01 740.50 675.47 740.53 Q 678.30 740.53 681.45 740.35 Q 686.17 740.08 681.73 738.45 C 679.86 737.77 677.64 737.21 675.61 737.14 C 667.72 736.85 660.67 736.29 652.32 737.00 C 646.89 737.46 638.65 737.64 633.30 735.28 Q 631.85 734.63 632.74 733.32b:T155b, M 1024.00 0.00 L 1024.00 1024.00 L 0.00 1024.00 L 0.00 0.00 L 1024.00 0.00 Z M 688.83 727.20 Q 695.41 727.12 701.50 727.23 Q 723.21 727.62 739.77 727.67 Q 802.87 727.88 858.27 727.47 Q 858.61 727.47 858.63 727.12 Q 860.27 674.60 860.18 621.50 Q 860.14 602.46 858.18 583.82 C 856.55 568.37 850.72 554.93 838.46 545.91 Q 830.36 539.94 820.32 535.80 C 797.31 526.31 770.38 522.94 745.02 521.83 Q 736.05 521.43 727.28 520.82 A 2.00 1.95 73.5 0 1 725.81 520.00 Q 720.66 512.84 715.38 505.87 Q 700.58 486.33 681.70 472.71 Q 675.07 467.93 668.48 464.71 A 0.54 0.54 0.0 0 1 668.38 463.79 C 682.82 452.44 687.68 433.25 681.39 416.16 C 678.87 409.33 673.61 402.41 667.64 398.44 A 0.71 0.71 0.0 0 1 667.50 397.37 C 678.40 385.05 685.08 371.72 681.23 355.05 Q 681.09 354.42 681.67 354.15 Q 684.53 352.81 687.91 351.12 C 698.07 346.02 704.82 335.36 700.26 324.16 Q 697.38 317.09 689.37 319.17 C 683.34 320.74 677.56 322.81 671.24 322.13 Q 670.72 322.07 670.55 321.58 Q 664.36 304.57 649.21 292.79 Q 633.47 280.54 613.83 282.25 C 611.58 282.44 609.53 282.95 607.41 283.77 Q 606.43 284.14 606.99 283.25 C 611.24 276.40 597.95 267.34 593.30 264.89 C 576.90 256.29 553.94 254.94 536.72 261.49 Q 536.09 261.74 535.75 261.15 C 532.35 255.22 525.81 251.41 519.01 250.72 Q 510.95 249.89 503.95 251.99 C 485.91 257.41 471.99 270.83 463.63 287.80 Q 460.70 293.75 459.31 300.45 A 0.40 0.39 -67.0 0 1 458.70 300.70 C 447.94 293.44 433.18 290.33 420.86 293.97 C 415.77 295.47 409.61 299.94 408.89 305.31 Q 408.17 310.65 415.08 313.06 Q 423.85 316.12 434.77 317.05 Q 436.64 317.20 435.01 318.12 Q 420.66 326.21 412.08 340.58 Q 410.42 343.35 409.50 346.63 A 2.14 2.12 -7.6 0 1 408.51 347.91 Q 405.77 349.51 402.54 349.94 Q 388.65 351.79 379.08 344.22 C 376.83 342.45 373.50 341.86 371.18 343.78 C 367.92 346.47 366.08 351.12 365.74 355.25 C 364.47 370.50 376.25 377.41 389.56 378.63 A 0.51 0.51 0.0 0 1 389.94 379.42 C 380.72 393.37 375.27 413.80 378.99 430.38 Q 382.68 446.81 398.42 454.12 Q 400.43 455.05 405.54 455.96 C 409.05 456.59 412.14 454.21 411.44 450.56 Q 411.03 448.40 412.65 449.90 Q 420.32 457.04 431.09 457.15 Q 432.52 457.16 434.02 457.16 Q 434.79 457.16 434.61 457.91 C 432.79 465.35 432.46 471.98 435.02 479.56 C 438.72 490.50 447.90 497.87 459.46 499.54 C 462.17 499.93 464.82 499.72 467.53 499.63 Q 468.18 499.61 468.72 499.97 Q 480.41 507.59 488.81 510.42 Q 495.73 512.75 503.93 514.35 A 0.67 0.67 0.0 0 1 504.19 515.56 Q 501.48 517.48 499.19 519.75 Q 490.24 528.65 481.81 538.76 C 479.31 541.76 477.19 544.90 474.69 547.85 Q 471.88 551.18 469.43 554.82 Q 464.02 562.87 458.90 570.69 A 0.46 0.45 -38.5 0 1 458.09 570.60 Q 453.15 557.35 446.84 543.97 Q 444.19 538.36 440.54 532.87 C 437.00 527.57 430.38 527.27 424.73 526.77 Q 421.01 526.44 417.28 526.36 Q 387.18 525.74 375.47 525.06 Q 324.43 522.08 296.99 521.44 Q 258.14 520.54 219.19 521.44 C 211.98 521.61 204.75 524.25 205.45 533.06 Q 206.12 541.51 208.87 550.83 Q 223.99 602.08 238.00 641.56 C 239.29 645.18 240.77 648.75 241.95 652.37 C 244.88 661.36 248.34 670.17 251.52 679.09 Q 258.80 699.49 267.35 719.17 A 0.48 0.48 0.0 0 1 266.87 719.84 Q 264.49 719.61 261.76 719.68 Q 226.71 720.49 191.07 722.72 Q 189.40 722.83 187.67 725.73 C 186.36 727.94 189.54 730.49 191.25 730.59 Q 201.56 731.22 210.75 731.06 Q 238.63 730.58 267.00 730.15 Q 268.76 730.12 270.56 730.32 Q 271.07 730.38 271.40 730.77 C 273.36 733.11 274.75 737.45 276.04 740.18 Q 278.92 746.25 284.46 746.38 Q 298.45 746.71 313.34 747.99 Q 322.61 748.78 333.24 749.25 Q 390.38 751.74 431.53 751.74 Q 467.78 751.73 500.82 752.37 Q 507.32 752.50 511.82 749.78 Q 512.25 749.53 512.74 749.58 Q 521.89 750.55 534.00 750.73 C 573.13 751.32 609.22 751.61 647.16 752.09 Q 648.70 752.11 650.24 751.96 C 652.80 751.72 655.35 752.10 657.93 752.05 C 668.40 751.83 678.59 751.98 689.17 750.64 C 692.61 750.20 694.22 747.61 694.70 744.49 Q 695.37 740.09 695.49 735.30 Q 695.67 728.24 688.38 728.04 Q 688.28 728.04 688.29 727.94 L 688.31 727.68 Q 688.34 727.20 688.83 727.20 Z M 323.71 386.70 C 324.01 383.59 321.45 379.86 319.33 377.38 C 312.56 369.46 301.63 361.92 290.84 363.88 Q 285.38 364.87 283.75 369.97 C 281.60 376.68 286.35 383.21 291.78 386.86 Q 303.23 394.56 315.48 394.21 Q 320.44 394.07 323.17 390.15 C 323.96 389.01 323.59 387.95 323.71 386.70 Z M 293.66 419.29 C 286.98 420.09 279.04 422.72 274.80 428.23 C 271.04 433.10 269.73 439.76 275.22 444.09 C 280.87 448.56 291.14 447.05 297.19 444.44 Q 305.99 440.65 311.52 434.71 C 315.08 430.87 316.02 425.59 311.55 422.00 C 307.06 418.41 299.38 418.60 293.66 419.29 Z M 313.71 468.69 C 307.82 473.80 301.47 483.96 307.03 491.64 C 310.79 496.84 318.30 496.39 323.00 492.78 C 329.02 488.17 333.20 480.62 333.40 473.27 Q 333.54 467.78 329.99 465.15 C 325.02 461.47 317.88 465.07 313.71 468.69 Z M 808.33 774.16 C 810.88 773.49 813.02 770.44 811.85 767.71 Q 810.18 763.81 805.49 763.98 C 791.50 764.47 776.99 764.43 763.50 765.22 Q 734.44 766.94 720.45 767.24 C 700.73 767.66 681.01 768.44 661.27 768.69 C 642.92 768.93 624.73 769.28 606.25 769.33 Q 550.86 769.49 494.72 770.85 Q 483.99 771.11 474.73 771.25 Q 355.85 773.03 323.75 773.89 Q 264.03 775.50 214.25 775.91 Q 212.17 775.92 208.30 776.72 C 202.95 777.82 202.85 785.80 208.50 785.81 C 231.87 785.88 254.91 786.10 278.00 785.52 Q 353.50 783.63 428.99 782.77 Q 439.34 782.66 448.99 782.47 Q 543.70 780.63 580.25 780.57 Q 649.87 780.44 717.74 778.59 C 734.90 778.12 752.62 777.08 770.06 776.54 Q 787.58 776.01 802.78 775.02 Q 805.77 774.82 808.33 774.16 Zc:T4074, M 688.83 727.20 Q 688.34 727.20 688.31 727.68 L 688.29 727.94 Q 688.28 728.04 688.38 728.04 Q 695.67 728.24 695.49 735.30 Q 695.37 740.09 694.70 744.49 C 694.22 747.61 692.61 750.20 689.17 750.64 C 678.59 751.98 668.40 751.83 657.93 752.05 C 655.35 752.10 652.80 751.72 650.24 751.96 Q 648.70 752.11 647.16 752.09 C 609.22 751.61 573.13 751.32 534.00 750.73 Q 521.89 750.55 512.74 749.58 Q 512.25 749.53 511.82 749.78 Q 507.32 752.50 500.82 752.37 Q 467.78 751.73 431.53 751.74 Q 390.38 751.74 333.24 749.25 Q 322.61 748.78 313.34 747.99 Q 298.45 746.71 284.46 746.38 Q 278.92 746.25 276.04 740.18 C 274.75 737.45 273.36 733.11 271.40 730.77 Q 271.07 730.38 270.56 730.32 Q 268.76 730.12 267.00 730.15 Q 238.63 730.58 210.75 731.06 Q 201.56 731.22 191.25 730.59 C 189.54 730.49 186.36 727.94 187.67 725.73 Q 189.40 722.83 191.07 722.72 Q 226.71 720.49 261.76 719.68 Q 264.49 719.61 266.87 719.84 A 0.48 0.48 0.0 0 0 267.35 719.17 Q 258.80 699.49 251.52 679.09 C 248.34 670.17 244.88 661.36 241.95 652.37 C 240.77 648.75 239.29 645.18 238.00 641.56 Q 223.99 602.08 208.87 550.83 Q 206.12 541.51 205.45 533.06 C 204.75 524.25 211.98 521.61 219.19 521.44 Q 258.14 520.54 296.99 521.44 Q 324.43 522.08 375.47 525.06 Q 387.18 525.74 417.28 526.36 Q 421.01 526.44 424.73 526.77 C 430.38 527.27 437.00 527.57 440.54 532.87 Q 444.19 538.36 446.84 543.97 Q 453.15 557.35 458.09 570.60 A 0.46 0.45 -38.5 0 0 458.90 570.69 Q 464.02 562.87 469.43 554.82 Q 471.88 551.18 474.69 547.85 C 477.19 544.90 479.31 541.76 481.81 538.76 Q 490.24 528.65 499.19 519.75 Q 501.48 517.48 504.19 515.56 A 0.67 0.67 0.0 0 0 503.93 514.35 Q 495.73 512.75 488.81 510.42 Q 480.41 507.59 468.72 499.97 Q 468.18 499.61 467.53 499.63 C 464.82 499.72 462.17 499.93 459.46 499.54 C 447.90 497.87 438.72 490.50 435.02 479.56 C 432.46 471.98 432.79 465.35 434.61 457.91 Q 434.79 457.16 434.02 457.16 Q 432.52 457.16 431.09 457.15 Q 420.32 457.04 412.65 449.90 Q 411.03 448.40 411.44 450.56 C 412.14 454.21 409.05 456.59 405.54 455.96 Q 400.43 455.05 398.42 454.12 Q 382.68 446.81 378.99 430.38 C 375.27 413.80 380.72 393.37 389.94 379.42 A 0.51 0.51 0.0 0 0 389.56 378.63 C 376.25 377.41 364.47 370.50 365.74 355.25 C 366.08 351.12 367.92 346.47 371.18 343.78 C 373.50 341.86 376.83 342.45 379.08 344.22 Q 388.65 351.79 402.54 349.94 Q 405.77 349.51 408.51 347.91 A 2.14 2.12 -7.6 0 0 409.50 346.63 Q 410.42 343.35 412.08 340.58 Q 420.66 326.21 435.01 318.12 Q 436.64 317.20 434.77 317.05 Q 423.85 316.12 415.08 313.06 Q 408.17 310.65 408.89 305.31 C 409.61 299.94 415.77 295.47 420.86 293.97 C 433.18 290.33 447.94 293.44 458.70 300.70 A 0.40 0.39 -67.0 0 0 459.31 300.45 Q 460.70 293.75 463.63 287.80 C 471.99 270.83 485.91 257.41 503.95 251.99 Q 510.95 249.89 519.01 250.72 C 525.81 251.41 532.35 255.22 535.75 261.15 Q 536.09 261.74 536.72 261.49 C 553.94 254.94 576.90 256.29 593.30 264.89 C 597.95 267.34 611.24 276.40 606.99 283.25 Q 606.43 284.14 607.41 283.77 C 609.53 282.95 611.58 282.44 613.83 282.25 Q 633.47 280.54 649.21 292.79 Q 664.36 304.57 670.55 321.58 Q 670.72 322.07 671.24 322.13 C 677.56 322.81 683.34 320.74 689.37 319.17 Q 697.38 317.09 700.26 324.16 C 704.82 335.36 698.07 346.02 687.91 351.12 Q 684.53 352.81 681.67 354.15 Q 681.09 354.42 681.23 355.05 C 685.08 371.72 678.40 385.05 667.50 397.37 A 0.71 0.71 0.0 0 0 667.64 398.44 C 673.61 402.41 678.87 409.33 681.39 416.16 C 687.68 433.25 682.82 452.44 668.38 463.79 A 0.54 0.54 0.0 0 0 668.48 464.71 Q 675.07 467.93 681.70 472.71 Q 700.58 486.33 715.38 505.87 Q 720.66 512.84 725.81 520.00 A 2.00 1.95 73.5 0 0 727.28 520.82 Q 736.05 521.43 745.02 521.83 C 770.38 522.94 797.31 526.31 820.32 535.80 Q 830.36 539.94 838.46 545.91 C 850.72 554.93 856.55 568.37 858.18 583.82 Q 860.14 602.46 860.18 621.50 Q 860.27 674.60 858.63 727.12 Q 858.61 727.47 858.27 727.47 Q 802.87 727.88 739.77 727.67 Q 723.21 727.62 701.50 727.23 Q 695.41 727.12 688.83 727.20 Z M 529.89 270.34 C 528.73 268.21 527.72 265.59 525.91 263.97 C 518.94 257.71 507.69 259.81 499.71 263.53 C 497.32 264.64 494.96 265.73 492.77 267.23 Q 477.37 277.73 470.48 294.48 Q 467.05 302.83 466.93 313.43 C 466.88 317.20 460.42 317.53 459.16 313.73 C 458.27 311.03 456.44 308.90 453.98 307.39 C 445.40 302.12 427.32 296.70 418.40 304.03 A 0.55 0.55 0.0 0 0 418.56 304.97 Q 421.28 306.01 423.90 306.37 Q 434.36 307.83 445.30 309.52 Q 449.13 310.11 452.99 311.80 Q 457.25 313.66 455.35 318.05 A 2.59 2.58 -85.6 0 1 453.64 319.52 Q 438.85 323.48 427.82 334.33 Q 420.47 341.57 417.95 347.88 C 415.68 353.54 412.34 356.14 406.33 357.80 Q 389.55 362.45 375.90 353.19 Q 374.99 352.57 374.85 353.67 C 373.19 367.37 385.47 369.98 395.98 369.67 Q 397.89 369.61 399.31 370.40 Q 404.75 373.44 401.31 378.57 Q 397.71 383.95 394.88 389.21 Q 388.10 401.83 387.17 416.70 C 386.44 428.37 389.87 438.51 400.19 445.07 A 0.29 0.29 0.0 0 0 400.62 444.73 Q 394.90 428.04 399.25 409.21 Q 401.63 398.93 405.72 389.71 Q 411.65 376.32 419.73 364.26 Q 426.59 354.02 432.52 346.60 Q 437.48 340.41 444.34 334.10 C 447.72 330.99 451.62 328.70 455.46 326.34 Q 459.85 323.64 465.74 323.27 C 472.75 322.83 474.91 314.40 478.65 309.84 Q 490.54 295.37 505.97 288.45 Q 532.19 276.71 565.00 279.65 Q 570.67 280.16 578.22 282.22 Q 592.48 286.12 601.67 296.37 C 602.58 297.39 603.96 298.15 605.24 298.32 C 618.81 300.12 633.73 303.64 643.29 314.02 C 647.43 318.51 650.25 322.76 652.60 328.29 C 653.11 329.48 654.00 330.57 655.06 331.31 Q 664.69 337.98 676.49 337.97 Q 681.67 337.97 687.08 337.28 Q 689.10 337.02 690.94 336.13 A 3.76 3.75 -10.5 0 0 693.04 333.09 Q 693.28 330.28 692.83 327.49 Q 692.56 325.78 690.94 326.40 C 682.65 329.56 675.48 331.42 666.38 329.83 C 665.01 329.59 664.08 328.85 663.60 327.55 C 657.59 311.29 644.05 295.27 626.59 292.28 Q 617.91 290.79 608.29 291.55 C 605.10 291.81 604.87 287.23 605.75 285.26 A 0.44 0.44 0.0 0 0 605.22 284.65 Q 601.78 285.71 599.70 282.35 Q 596.03 276.38 589.41 273.07 Q 582.85 269.80 577.17 268.44 Q 561.91 264.79 546.10 267.96 Q 543.18 268.54 540.46 269.74 C 537.92 270.86 531.84 273.94 529.89 270.34 Z M 629.6062 322.0435 A 3.41 3.41 0.0 0 0 627.1442 317.8969 L 616.6594 315.2243 A 3.41 3.41 0.0 0 0 612.5128 317.6864 L 612.4338 317.9965 A 3.41 3.41 0.0 0 0 614.8958 322.1431 L 625.3806 324.8157 A 3.41 3.41 0.0 0 0 629.5272 322.3536 L 629.6062 322.0435 Z M 599.15 337.28 Q 593.23 333.61 586.73 331.51 C 583.15 330.36 580.94 334.28 584.13 336.88 Q 589.74 341.45 596.05 343.45 C 600.32 344.80 603.54 340.01 599.15 337.28 Z M 470.62 340.81 C 466.03 352.62 465.37 366.27 467.44 378.58 Q 469.17 388.83 474.15 396.61 Q 481.55 408.15 494.68 414.31 Q 495.55 414.71 494.91 414.01 Q 491.22 409.98 487.76 405.80 C 476.75 392.48 473.28 373.41 474.90 356.09 C 475.39 350.79 476.93 345.67 478.02 340.36 Q 478.74 336.80 475.31 336.48 C 472.66 336.23 471.43 338.72 470.62 340.81 Z M 558.39 345.66 C 555.88 343.87 552.06 338.62 548.64 340.81 C 546.05 342.47 547.79 345.75 549.40 347.34 Q 558.80 356.64 571.40 362.23 Q 573.83 363.30 575.65 361.38 Q 576.02 360.98 576.18 360.46 Q 577.19 356.95 573.95 355.27 Q 566.42 351.38 558.39 345.66 Z M 623.89 407.50 Q 622.53 413.15 619.64 417.82 Q 618.66 419.39 620.01 418.13 Q 627.70 410.94 631.38 400.69 C 633.36 395.18 633.69 389.27 633.59 383.53 C 633.53 380.24 632.12 348.90 623.48 355.18 Q 622.18 356.12 622.37 357.85 C 622.90 362.58 624.42 366.92 625.14 371.57 Q 628.03 390.36 623.89 407.50 Z M 606.80 429.05 C 605.12 425.41 607.82 421.70 609.81 418.72 Q 611.38 416.38 608.80 417.49 Q 607.24 418.16 605.54 418.40 Q 591.35 420.37 578.41 416.70 Q 577.87 416.55 577.66 417.08 C 575.64 422.21 568.10 423.66 563.17 424.40 C 541.15 427.68 518.56 419.84 503.03 404.13 Q 501.99 403.07 502.66 404.40 Q 506.61 412.15 513.17 417.42 Q 515.07 418.95 516.25 420.72 Q 517.86 423.15 515.09 426.10 C 513.13 428.20 507.48 427.43 504.89 426.96 Q 492.67 424.76 482.12 417.40 Q 464.07 404.80 460.07 384.35 Q 459.77 382.83 459.13 384.24 Q 448.77 407.12 446.19 431.76 Q 446.13 432.37 446.39 432.91 Q 450.30 441.04 454.60 449.34 C 456.77 453.53 458.79 458.02 459.78 462.56 C 460.73 466.90 460.73 471.54 462.33 475.71 C 467.92 490.33 482.98 497.73 497.17 501.97 Q 503.75 503.94 510.55 504.93 Q 535.82 508.63 560.54 504.61 C 578.30 501.73 595.27 495.11 609.79 483.87 Q 618.51 477.13 623.73 468.44 C 625.86 464.89 628.14 463.65 632.26 464.43 C 637.54 465.44 643.61 463.88 648.60 462.43 Q 657.32 459.89 664.16 453.29 C 677.89 440.03 677.17 415.26 659.67 405.54 Q 657.48 404.32 655.06 404.34 C 651.69 404.38 647.56 403.21 644.77 405.73 Q 643.04 407.30 640.93 407.66 Q 640.28 407.78 639.76 407.36 L 638.78 406.56 Q 638.23 406.12 637.95 406.77 C 633.56 416.77 626.88 425.28 617.13 430.38 C 614.22 431.90 608.51 432.74 606.80 429.05 Z M 451.30 468.74 Q 450.87 461.47 446.91 454.98 A 0.73 0.72 -40.5 0 0 445.74 454.89 Q 443.18 457.94 442.08 462.65 Q 440.21 470.63 444.04 478.36 Q 448.29 486.97 457.67 489.69 Q 458.98 490.07 458.20 488.95 Q 451.98 480.11 451.30 468.74 Z M 748.43 704.46 Q 748.41 705.70 748.84 706.90 A 1.40 1.39 -38.3 0 1 748.69 708.13 Q 746.36 711.65 742.85 712.72 Q 739.26 713.80 735.73 715.17 Q 735.52 715.25 735.50 715.46 Q 735.48 715.74 736.19 715.80 Q 736.41 715.81 736.63 715.80 Q 740.30 715.56 743.82 715.82 C 745.55 715.94 747.07 715.38 748.84 715.56 Q 750.76 715.75 752.82 715.71 Q 762.85 715.53 772.36 715.75 A 0.36 0.36 0.0 0 0 772.73 715.35 Q 769.06 685.66 763.46 658.45 Q 762.72 654.86 762.11 651.58 C 757.61 627.74 750.61 600.66 741.49 575.90 Q 729.78 544.13 711.75 517.82 Q 703.65 506.00 693.99 496.11 Q 689.26 491.26 682.50 485.72 Q 670.76 476.09 657.63 470.67 A 2.68 2.64 44.7 0 0 655.62 470.67 Q 644.33 475.29 632.15 474.72 A 1.12 1.10 -73.5 0 0 631.14 475.28 L 628.92 479.13 A 1.47 1.44 46.5 0 0 628.90 480.54 Q 630.11 482.85 630.24 485.24 Q 630.80 495.49 624.88 505.71 Q 616.94 519.40 606.17 527.52 Q 594.56 536.27 580.32 541.41 C 569.05 545.47 553.66 546.36 543.45 539.67 C 536.49 535.11 530.64 526.38 533.59 518.00 A 0.56 0.55 10.1 0 0 533.07 517.26 Q 526.89 517.14 518.83 516.73 Q 516.86 516.63 515.46 517.61 Q 508.86 522.23 501.35 530.73 C 487.05 546.92 474.29 563.91 463.78 582.86 A 1.57 1.55 -41.0 0 0 463.68 584.18 C 468.28 596.42 473.11 608.52 477.44 620.81 C 480.90 630.66 484.90 641.06 487.93 650.47 Q 494.37 670.50 501.48 692.75 A 0.51 0.50 58.2 0 0 502.32 692.95 Q 508.21 686.96 515.06 680.76 C 518.80 677.38 522.67 676.14 527.37 674.55 Q 540.05 670.27 550.85 667.81 Q 551.39 667.69 551.25 667.15 C 549.71 660.95 551.87 656.82 556.51 653.23 Q 559.09 651.23 561.21 650.19 Q 583.85 639.10 604.84 628.07 C 607.63 626.60 611.09 625.49 612.36 622.21 Q 619.16 604.68 625.14 593.99 C 637.11 572.58 654.45 555.00 674.59 540.49 C 678.13 537.93 684.91 533.12 689.12 533.78 C 693.38 534.44 694.10 539.60 690.29 541.75 Q 685.22 544.61 680.05 547.91 C 677.90 549.28 676.14 551.04 673.99 552.40 Q 671.56 553.95 669.37 555.85 Q 659.37 564.54 653.55 570.56 Q 633.70 591.12 622.37 619.02 Q 622.15 619.56 622.67 619.29 Q 628.89 616.01 635.38 613.42 Q 643.30 610.27 652.48 610.36 Q 663.90 610.46 674.60 610.62 Q 680.68 610.71 688.36 611.87 C 691.51 612.34 695.35 614.66 693.90 618.35 Q 693.01 620.59 691.36 621.79 A 1.80 1.79 27.7 0 1 690.29 622.12 Q 686.10 622.00 681.53 621.46 Q 665.77 619.59 643.21 621.21 Q 640.68 621.39 638.52 622.41 Q 622.94 629.78 612.21 635.72 Q 604.61 639.93 597.35 643.31 Q 595.65 644.11 594.02 645.17 C 591.43 646.84 588.36 647.65 585.59 649.05 Q 575.00 654.37 564.07 659.51 Q 562.61 660.19 561.51 661.29 A 1.61 1.61 0.0 0 0 562.68 664.04 Q 567.79 663.93 572.04 667.94 Q 585.35 680.53 592.52 698.10 Q 595.05 704.32 595.57 711.28 Q 595.62 711.92 596.26 711.95 Q 640.07 713.93 683.93 715.80 Q 690.15 716.07 697.54 714.85 C 712.69 712.35 726.54 707.79 741.22 701.61 Q 743.10 700.82 744.64 701.01 C 746.41 701.23 748.46 702.42 748.43 704.46 Z M 566.62 513.85 C 558.82 515.39 550.50 516.76 542.42 517.14 A 0.75 0.75 0.0 0 0 541.72 517.75 C 540.06 526.17 546.66 532.45 554.38 533.94 Q 567.25 536.43 580.95 530.86 Q 586.09 528.76 590.46 526.41 Q 597.66 522.52 604.11 516.79 Q 615.44 506.71 620.49 492.30 Q 621.20 490.26 621.28 488.15 A 0.42 0.42 0.0 0 0 620.58 487.82 Q 611.88 495.90 601.79 501.20 Q 584.45 510.32 566.62 513.85 Z M 226.32 543.26 Q 229.16 542.57 232.22 542.45 Q 252.06 541.69 271.01 542.06 Q 298.99 542.60 329.96 543.60 Q 361.66 544.63 422.48 548.18 Q 428.78 548.55 428.57 554.91 Q 428.56 555.41 428.90 555.79 C 429.65 556.60 430.19 557.19 430.67 558.22 Q 439.16 576.33 447.70 598.70 Q 465.01 644.06 477.97 687.32 Q 483.91 707.17 489.31 724.30 Q 491.96 732.73 495.22 740.57 Q 495.64 741.56 496.71 741.66 Q 500.75 742.03 503.87 741.48 Q 505.00 741.28 504.62 740.20 Q 492.83 706.61 482.13 672.20 Q 481.20 669.22 480.24 666.41 Q 479.15 663.21 478.09 659.91 Q 477.04 656.63 475.93 653.38 Q 457.86 600.40 437.30 550.76 C 436.27 548.28 433.00 540.19 429.95 539.71 Q 422.39 538.53 412.52 538.45 Q 394.64 538.30 363.74 536.89 C 343.36 535.96 323.57 534.62 303.51 534.00 Q 260.08 532.67 216.57 532.86 Q 214.83 532.87 215.12 534.58 Q 215.82 538.70 217.27 543.52 Q 220.57 554.51 223.91 564.57 Q 230.66 584.91 237.49 605.26 C 238.36 607.83 239.40 610.06 240.24 612.52 Q 252.45 648.13 269.54 693.23 C 270.43 695.58 271.59 697.75 272.46 700.07 Q 278.71 716.69 285.80 733.59 Q 286.32 734.82 287.65 734.89 Q 305.72 735.91 323.84 737.07 Q 333.80 737.71 346.00 738.02 Q 398.74 739.33 451.48 739.47 C 462.15 739.50 472.82 739.25 483.50 739.59 A 0.57 0.57 0.0 0 0 484.05 738.82 Q 481.81 732.87 480.18 727.53 Q 473.59 706.02 465.92 680.69 Q 449.54 626.62 426.63 568.11 Q 424.75 563.31 424.50 558.41 Q 424.46 557.72 423.79 557.86 C 422.53 558.11 421.38 558.13 420.10 558.07 Q 380.52 556.01 346.73 554.14 Q 338.45 553.68 327.76 553.32 Q 318.06 553.00 308.74 552.56 Q 269.64 550.72 229.94 550.43 Q 227.80 550.41 225.65 549.54 C 222.79 548.39 223.30 543.99 226.32 543.26 Z M 805.39 619.35 C 802.35 621.69 799.49 624.08 797.42 627.26 C 795.21 630.66 798.58 634.42 802.24 631.74 Q 806.28 628.77 810.35 624.62 C 813.91 620.99 808.88 616.65 805.39 619.35 Z M 818.2349 643.4771 A 6.10 3.75 -5.2 0 0 811.8201 640.2954 A 6.10 3.75 -5.2 0 0 806.0851 644.5829 A 6.10 3.75 -5.2 0 0 812.4999 647.7646 A 6.10 3.75 -5.2 0 0 818.2349 643.4771 Z M 566.72 703.93 C 568.84 704.21 568.91 706.43 571.03 706.69 Q 578.10 707.53 584.48 707.75 A 0.83 0.82 -4.2 0 0 585.32 706.78 Q 584.86 704.14 583.81 701.64 Q 576.86 685.17 565.44 674.17 A 1.74 1.73 -35.7 0 0 563.47 673.85 C 561.44 674.81 559.19 674.68 557.04 675.19 Q 541.46 678.85 525.10 684.94 Q 522.53 685.90 520.60 687.71 Q 513.41 694.48 506.44 701.21 Q 503.85 703.70 507.01 705.42 Q 507.92 705.92 509.09 705.84 Q 512.68 705.61 514.99 702.87 Q 519.05 698.06 524.35 694.28 Q 527.11 692.31 529.70 694.92 C 530.98 696.21 530.48 698.00 529.46 699.24 Q 526.26 703.09 522.28 706.65 Q 520.76 708.01 522.76 708.45 L 523.65 708.64 A 3.93 3.91 -59.7 0 0 527.11 707.72 Q 531.07 704.17 535.31 700.10 C 537.55 697.96 541.56 694.73 544.39 697.27 C 547.63 700.17 541.28 705.83 539.41 707.70 A 1.26 1.26 0.0 0 0 539.32 709.40 Q 541.61 712.21 544.83 710.08 Q 548.38 707.73 551.98 705.83 C 556.97 703.21 561.23 703.20 566.72 703.93 Z M 632.74 733.32 Q 633.25 732.56 633.49 731.69 A 2.47 2.46 8.2 0 1 635.94 729.86 L 652.20 730.25 Q 652.48 730.26 652.54 729.98 Q 652.60 729.70 652.36 729.65 Q 646.85 728.39 642.33 727.81 Q 633.66 726.69 633.57 726.68 Q 618.52 724.32 602.28 721.42 Q 590.32 719.29 559.74 716.45 Q 557.93 716.28 556.44 715.47 A 2.11 2.09 -42.8 0 0 554.58 715.41 Q 549.75 717.65 545.54 719.22 C 542.78 720.26 535.25 719.09 533.52 715.93 A 1.17 1.17 0.0 0 0 531.88 715.49 C 529.66 716.84 527.46 718.02 524.75 717.85 Q 520.74 717.58 516.80 716.25 Q 516.21 716.05 515.81 715.56 L 515.00 714.56 Q 514.57 714.04 513.91 714.12 L 509.66 714.64 A 0.59 0.59 0.0 0 0 509.19 715.47 L 510.46 718.26 Q 510.72 718.85 511.37 718.86 Q 520.76 719.01 528.97 719.85 C 540.69 721.05 551.86 721.99 563.25 722.44 C 574.68 722.89 585.54 723.64 597.05 725.09 C 605.59 726.16 614.19 726.35 623.09 727.97 C 625.78 728.46 631.90 730.10 630.34 733.94 C 628.81 737.73 619.59 736.40 616.81 735.56 Q 614.60 734.89 611.85 734.99 Q 604.22 735.27 596.09 734.29 Q 590.83 733.66 585.78 733.22 Q 560.45 730.96 533.89 728.35 C 527.30 727.71 520.59 727.80 514.18 726.45 A 0.59 0.58 86.2 0 0 513.51 727.22 L 517.43 738.53 A 0.82 0.81 80.4 0 0 518.20 739.08 C 522.67 739.06 527.14 739.39 531.62 739.45 Q 603.01 740.50 675.47 740.53 Q 678.30 740.53 681.45 740.35 Q 686.17 740.08 681.73 738.45 C 679.86 737.77 677.64 737.21 675.61 737.14 C 667.72 736.85 660.67 736.29 652.32 737.00 C 646.89 737.46 638.65 737.64 633.30 735.28 Q 631.85 734.63 632.74 733.32 Zd:T84a, M 529.89 270.34 C 531.84 273.94 537.92 270.86 540.46 269.74 Q 543.18 268.54 546.10 267.96 Q 561.91 264.79 577.17 268.44 Q 582.85 269.80 589.41 273.07 Q 596.03 276.38 599.70 282.35 Q 601.78 285.71 605.22 284.65 A 0.44 0.44 0.0 0 1 605.75 285.26 C 604.87 287.23 605.10 291.81 608.29 291.55 Q 617.91 290.79 626.59 292.28 C 644.05 295.27 657.59 311.29 663.60 327.55 C 664.08 328.85 665.01 329.59 666.38 329.83 C 675.48 331.42 682.65 329.56 690.94 326.40 Q 692.56 325.78 692.83 327.49 Q 693.28 330.28 693.04 333.09 A 3.76 3.75 -10.5 0 1 690.94 336.13 Q 689.10 337.02 687.08 337.28 Q 681.67 337.97 676.49 337.97 Q 664.69 337.98 655.06 331.31 C 654.00 330.57 653.11 329.48 652.60 328.29 C 650.25 322.76 647.43 318.51 643.29 314.02 C 633.73 303.64 618.81 300.12 605.24 298.32 C 603.96 298.15 602.58 297.39 601.67 296.37 Q 592.48 286.12 578.22 282.22 Q 570.67 280.16 565.00 279.65 Q 532.19 276.71 505.97 288.45 Q 490.54 295.37 478.65 309.84 C 474.91 314.40 472.75 322.83 465.74 323.27 Q 459.85 323.64 455.46 326.34 C 451.62 328.70 447.72 330.99 444.34 334.10 Q 437.48 340.41 432.52 346.60 Q 426.59 354.02 419.73 364.26 Q 411.65 376.32 405.72 389.71 Q 401.63 398.93 399.25 409.21 Q 394.90 428.04 400.62 444.73 A 0.29 0.29 0.0 0 1 400.19 445.07 C 389.87 438.51 386.44 428.37 387.17 416.70 Q 388.10 401.83 394.88 389.21 Q 397.71 383.95 401.31 378.57 Q 404.75 373.44 399.31 370.40 Q 397.89 369.61 395.98 369.67 C 385.47 369.98 373.19 367.37 374.85 353.67 Q 374.99 352.57 375.90 353.19 Q 389.55 362.45 406.33 357.80 C 412.34 356.14 415.68 353.54 417.95 347.88 Q 420.47 341.57 427.82 334.33 Q 438.85 323.48 453.64 319.52 A 2.59 2.58 -85.6 0 0 455.35 318.05 Q 457.25 313.66 452.99 311.80 Q 449.13 310.11 445.30 309.52 Q 434.36 307.83 423.90 306.37 Q 421.28 306.01 418.56 304.97 A 0.55 0.55 0.0 0 1 418.40 304.03 C 427.32 296.70 445.40 302.12 453.98 307.39 C 456.44 308.90 458.27 311.03 459.16 313.73 C 460.42 317.53 466.88 317.20 466.93 313.43 Q 467.05 302.83 470.48 294.48 Q 477.37 277.73 492.77 267.23 C 494.96 265.73 497.32 264.64 499.71 263.53 C 507.69 259.81 518.94 257.71 525.91 263.97 C 527.72 265.59 528.73 268.21 529.89 270.34 Ze:T7c2, M 606.80 429.05 C 608.51 432.74 614.22 431.90 617.13 430.38 C 626.88 425.28 633.56 416.77 637.95 406.77 Q 638.23 406.12 638.78 406.56 L 639.76 407.36 Q 640.28 407.78 640.93 407.66 Q 643.04 407.30 644.77 405.73 C 647.56 403.21 651.69 404.38 655.06 404.34 Q 657.48 404.32 659.67 405.54 C 677.17 415.26 677.89 440.03 664.16 453.29 Q 657.32 459.89 648.60 462.43 C 643.61 463.88 637.54 465.44 632.26 464.43 C 628.14 463.65 625.86 464.89 623.73 468.44 Q 618.51 477.13 609.79 483.87 C 595.27 495.11 578.30 501.73 560.54 504.61 Q 535.82 508.63 510.55 504.93 Q 503.75 503.94 497.17 501.97 C 482.98 497.73 467.92 490.33 462.33 475.71 C 460.73 471.54 460.73 466.90 459.78 462.56 C 458.79 458.02 456.77 453.53 454.60 449.34 Q 450.30 441.04 446.39 432.91 Q 446.13 432.37 446.19 431.76 Q 448.77 407.12 459.13 384.24 Q 459.77 382.83 460.07 384.35 Q 464.07 404.80 482.12 417.40 Q 492.67 424.76 504.89 426.96 C 507.48 427.43 513.13 428.20 515.09 426.10 Q 517.86 423.15 516.25 420.72 Q 515.07 418.95 513.17 417.42 Q 506.61 412.15 502.66 404.40 Q 501.99 403.07 503.03 404.13 C 518.56 419.84 541.15 427.68 563.17 424.40 C 568.10 423.66 575.64 422.21 577.66 417.08 Q 577.87 416.55 578.41 416.70 Q 591.35 420.37 605.54 418.40 Q 607.24 418.16 608.80 417.49 Q 611.38 416.38 609.81 418.72 C 607.82 421.70 605.12 425.41 606.80 429.05 Z M 548.8534 457.0747 A 11.43 7.72 77.4 0 0 553.8941 444.2359 A 11.43 7.72 77.4 0 0 543.8666 434.7653 A 11.43 7.72 77.4 0 0 538.8259 447.6041 A 11.43 7.72 77.4 0 0 548.8534 457.0747 Z M 479.47 458.96 Q 480.40 461.44 482.96 462.61 Q 487.87 464.84 491.47 460.83 C 494.35 457.61 493.05 452.82 491.98 449.04 Q 491.02 445.65 488.46 443.12 C 485.07 439.76 480.17 440.89 478.42 445.32 C 476.70 449.68 477.85 454.68 479.47 458.96 Z M 524.3659 473.5226 A 3.28 3.28 0.0 0 0 520.8492 470.4978 L 511.7549 471.1816 A 3.28 3.28 0.0 0 0 508.7301 474.6983 L 508.7541 475.0174 A 3.28 3.28 0.0 0 0 512.2708 478.0422 L 521.3651 477.3584 A 3.28 3.28 0.0 0 0 524.3899 473.8417 L 524.3659 473.5226 Zf:Te09, M 748.43 704.46 C 748.46 702.42 746.41 701.23 744.64 701.01 Q 743.10 700.82 741.22 701.61 C 726.54 707.79 712.69 712.35 697.54 714.85 Q 690.15 716.07 683.93 715.80 Q 640.07 713.93 596.26 711.95 Q 595.62 711.92 595.57 711.28 Q 595.05 704.32 592.52 698.10 Q 585.35 680.53 572.04 667.94 Q 567.79 663.93 562.68 664.04 A 1.61 1.61 0.0 0 1 561.51 661.29 Q 562.61 660.19 564.07 659.51 Q 575.00 654.37 585.59 649.05 C 588.36 647.65 591.43 646.84 594.02 645.17 Q 595.65 644.11 597.35 643.31 Q 604.61 639.93 612.21 635.72 Q 622.94 629.78 638.52 622.41 Q 640.68 621.39 643.21 621.21 Q 665.77 619.59 681.53 621.46 Q 686.10 622.00 690.29 622.12 A 1.80 1.79 27.7 0 0 691.36 621.79 Q 693.01 620.59 693.90 618.35 C 695.35 614.66 691.51 612.34 688.36 611.87 Q 680.68 610.71 674.60 610.62 Q 663.90 610.46 652.48 610.36 Q 643.30 610.27 635.38 613.42 Q 628.89 616.01 622.67 619.29 Q 622.15 619.56 622.37 619.02 Q 633.70 591.12 653.55 570.56 Q 659.37 564.54 669.37 555.85 Q 671.56 553.95 673.99 552.40 C 676.14 551.04 677.90 549.28 680.05 547.91 Q 685.22 544.61 690.29 541.75 C 694.10 539.60 693.38 534.44 689.12 533.78 C 684.91 533.12 678.13 537.93 674.59 540.49 C 654.45 555.00 637.11 572.58 625.14 593.99 Q 619.16 604.68 612.36 622.21 C 611.09 625.49 607.63 626.60 604.84 628.07 Q 583.85 639.10 561.21 650.19 Q 559.09 651.23 556.51 653.23 C 551.87 656.82 549.71 660.95 551.25 667.15 Q 551.39 667.69 550.85 667.81 Q 540.05 670.27 527.37 674.55 C 522.67 676.14 518.80 677.38 515.06 680.76 Q 508.21 686.96 502.32 692.95 A 0.51 0.50 58.2 0 1 501.48 692.75 Q 494.37 670.50 487.93 650.47 C 484.90 641.06 480.90 630.66 477.44 620.81 C 473.11 608.52 468.28 596.42 463.68 584.18 A 1.57 1.55 -41.0 0 1 463.78 582.86 C 474.29 563.91 487.05 546.92 501.35 530.73 Q 508.86 522.23 515.46 517.61 Q 516.86 516.63 518.83 516.73 Q 526.89 517.14 533.07 517.26 A 0.56 0.55 10.1 0 1 533.59 518.00 C 530.64 526.38 536.49 535.11 543.45 539.67 C 553.66 546.36 569.05 545.47 580.32 541.41 Q 594.56 536.27 606.17 527.52 Q 616.94 519.40 624.88 505.71 Q 630.80 495.49 630.24 485.24 Q 630.11 482.85 628.90 480.54 A 1.47 1.44 46.5 0 1 628.92 479.13 L 631.14 475.28 A 1.12 1.10 -73.5 0 1 632.15 474.72 Q 644.33 475.29 655.62 470.67 A 2.68 2.64 44.7 0 1 657.63 470.67 Q 670.76 476.09 682.50 485.72 Q 689.26 491.26 693.99 496.11 Q 703.65 506.00 711.75 517.82 Q 729.78 544.13 741.49 575.90 C 750.61 600.66 757.61 627.74 762.11 651.58 Q 762.72 654.86 763.46 658.45 Q 769.06 685.66 772.73 715.35 A 0.36 0.36 0.0 0 1 772.36 715.75 Q 762.85 715.53 752.82 715.71 Q 750.76 715.75 748.84 715.56 C 747.07 715.38 745.55 715.94 743.82 715.82 Q 740.30 715.56 736.63 715.80 Q 736.41 715.81 736.19 715.80 Q 735.48 715.74 735.50 715.46 Q 735.52 715.25 735.73 715.17 Q 739.26 713.80 742.85 712.72 Q 746.36 711.65 748.69 708.13 A 1.40 1.39 -38.3 0 0 748.84 706.90 Q 748.41 705.70 748.43 704.46 Z M 586.01 659.47 Q 585.47 661.59 586.82 663.42 Q 591.12 669.26 594.72 674.93 Q 602.77 687.63 607.02 702.98 Q 608.26 707.48 612.95 706.82 Q 613.06 706.81 613.15 706.76 Q 617.28 704.71 616.08 700.30 Q 611.40 683.23 600.97 668.18 Q 598.13 664.10 593.89 659.72 Q 591.33 657.07 588.32 657.40 Q 587.46 657.49 586.81 658.12 Q 586.21 658.69 586.01 659.47 Z M 634.14 673.24 C 635.39 676.26 636.31 679.27 638.25 681.94 C 642.20 687.41 648.74 682.78 646.11 676.80 C 645.07 674.44 638.42 659.99 633.83 666.01 C 632.30 668.02 633.26 671.12 634.14 673.24 Z M 628.77 682.84 C 626.32 677.34 624.29 671.78 620.75 667.01 C 618.21 663.60 613.37 665.05 614.84 669.78 C 616.60 675.45 617.98 681.69 620.65 686.88 C 622.01 689.52 626.02 690.78 628.13 688.05 Q 630.01 685.62 628.77 682.84 Z10:T662, M 226.32 543.26 C 223.30 543.99 222.79 548.39 225.65 549.54 Q 227.80 550.41 229.94 550.43 Q 269.64 550.72 308.74 552.56 Q 318.06 553.00 327.76 553.32 Q 338.45 553.68 346.73 554.14 Q 380.52 556.01 420.10 558.07 C 421.38 558.13 422.53 558.11 423.79 557.86 Q 424.46 557.72 424.50 558.41 Q 424.75 563.31 426.63 568.11 Q 449.54 626.62 465.92 680.69 Q 473.59 706.02 480.18 727.53 Q 481.81 732.87 484.05 738.82 A 0.57 0.57 0.0 0 1 483.50 739.59 C 472.82 739.25 462.15 739.50 451.48 739.47 Q 398.74 739.33 346.00 738.02 Q 333.80 737.71 323.84 737.07 Q 305.72 735.91 287.65 734.89 Q 286.32 734.82 285.80 733.59 Q 278.71 716.69 272.46 700.07 C 271.59 697.75 270.43 695.58 269.54 693.23 Q 252.45 648.13 240.24 612.52 C 239.40 610.06 238.36 607.83 237.49 605.26 Q 230.66 584.91 223.91 564.57 Q 220.57 554.51 217.27 543.52 Q 215.82 538.70 215.12 534.58 Q 214.83 532.87 216.57 532.86 Q 260.08 532.67 303.51 534.00 C 323.57 534.62 343.36 535.96 363.74 536.89 Q 394.64 538.30 412.52 538.45 Q 422.39 538.53 429.95 539.71 C 433.00 540.19 436.27 548.28 437.30 550.76 Q 457.86 600.40 475.93 653.38 Q 477.04 656.63 478.09 659.91 Q 479.15 663.21 480.24 666.41 Q 481.20 669.22 482.13 672.20 Q 492.83 706.61 504.62 740.20 Q 505.00 741.28 503.87 741.48 Q 500.75 742.03 496.71 741.66 Q 495.64 741.56 495.22 740.57 Q 491.96 732.73 489.31 724.30 Q 483.91 707.17 477.97 687.32 Q 465.01 644.06 447.70 598.70 Q 439.16 576.33 430.67 558.22 C 430.19 557.19 429.65 556.60 428.90 555.79 Q 428.56 555.41 428.57 554.91 Q 428.78 548.55 422.48 548.18 Q 361.66 544.63 329.96 543.60 Q 298.99 542.60 271.01 542.06 Q 252.06 541.69 232.22 542.45 Q 229.16 542.57 226.32 543.26 Z11:T5d6, M 632.74 733.32 Q 631.85 734.63 633.30 735.28 C 638.65 737.64 646.89 737.46 652.32 737.00 C 660.67 736.29 667.72 736.85 675.61 737.14 C 677.64 737.21 679.86 737.77 681.73 738.45 Q 686.17 740.08 681.45 740.35 Q 678.30 740.53 675.47 740.53 Q 603.01 740.50 531.62 739.45 C 527.14 739.39 522.67 739.06 518.20 739.08 A 0.82 0.81 80.4 0 1 517.43 738.53 L 513.51 727.22 A 0.59 0.58 86.2 0 1 514.18 726.45 C 520.59 727.80 527.30 727.71 533.89 728.35 Q 560.45 730.96 585.78 733.22 Q 590.83 733.66 596.09 734.29 Q 604.22 735.27 611.85 734.99 Q 614.60 734.89 616.81 735.56 C 619.59 736.40 628.81 737.73 630.34 733.94 C 631.90 730.10 625.78 728.46 623.09 727.97 C 614.19 726.35 605.59 726.16 597.05 725.09 C 585.54 723.64 574.68 722.89 563.25 722.44 C 551.86 721.99 540.69 721.05 528.97 719.85 Q 520.76 719.01 511.37 718.86 Q 510.72 718.85 510.46 718.26 L 509.19 715.47 A 0.59 0.59 0.0 0 1 509.66 714.64 L 513.91 714.12 Q 514.57 714.04 515.00 714.56 L 515.81 715.56 Q 516.21 716.05 516.80 716.25 Q 520.74 717.58 524.75 717.85 C 527.46 718.02 529.66 716.84 531.88 715.49 A 1.17 1.17 0.0 0 1 533.52 715.93 C 535.25 719.09 542.78 720.26 545.54 719.22 Q 549.75 717.65 554.58 715.41 A 2.11 2.09 -42.8 0 1 556.44 715.47 Q 557.93 716.28 559.74 716.45 Q 590.32 719.29 602.28 721.42 Q 618.52 724.32 633.57 726.68 Q 633.66 726.69 642.33 727.81 Q 646.85 728.39 652.36 729.65 Q 652.60 729.70 652.54 729.98 Q 652.48 730.26 652.20 730.25 L 635.94 729.86 A 2.47 2.46 8.2 0 0 633.49 731.69 Q 633.25 732.56 632.74 733.32 Z0:{"P":null,"b":"HhhJqqLCvI40DXnRW44P9","p":"","c":["","blog","linux-network-packet-receive-transmit-source-code"],"i":false,"f":[[["",{"children":["blog",{"children":[["slug","linux-network-packet-receive-transmit-source-code","c"],{"children":["__PAGE__",{}]}]}]},"$undefined","$undefined",true],["",["$","$1","c",{"children":[[["$","link","0",{"rel":"stylesheet","href":"/_next/static/css/9a7fb0f488a25401.css","precedence":"next","crossOrigin":"$undefined","nonce":"$undefined"}]],["$","html",null,{"lang":"zh-CN","data-color-theme":"claude","data-font-theme":"fangzheng-yousong","suppressHydrationWarning":true,"children":[["$","head",null,{"children":[["$","script",null,{"dangerouslySetInnerHTML":{"__html":"(() => {\n              try {\n                const color = localStorage.getItem('blog-color-theme');\n                const font = localStorage.getItem('blog-font-theme');\n                const colorTheme = ['claude', 'white', 'black'].includes(color) ? color : 'claude';\n                const fontTheme = ['current', 'claude', 'fangzheng-yousong', 'source-han-serif'].includes(font) ? font : 'fangzheng-yousong';\n                const root = document.documentElement;\n                root.dataset.colorTheme = colorTheme;\n                root.dataset.fontTheme = fontTheme;\n                root.classList.toggle('dark', colorTheme === 'black');\n                root.style.colorScheme = colorTheme === 'black' ? 'dark' : 'light';\n              } catch (_) {}\n            })();"}}],["$","link",null,{"rel":"stylesheet","href":"https://cdn.jsdelivr.net/npm/lxgw-wenkai-lite-webfont@1.1.0/style.css"}],["$","link",null,{"rel":"stylesheet","href":"https://cdn.jsdelivr.net/npm/@fontsource/inter@5.2.6/index.css"}],["$","link",null,{"rel":"stylesheet","href":"https://cdn.jsdelivr.net/npm/@fontsource/source-serif-4@5.2.6/index.css"}],["$","link",null,{"rel":"stylesheet","href":"https://cdn.jsdelivr.net/npm/@fontsource-variable/noto-serif-sc@5.2.6/index.css"}],["$","link",null,{"rel":"alternate","type":"application/rss+xml","title":"RSS","href":"/rss.xml"}],["$","link",null,{"rel":"alternate","type":"application/atom+xml","title":"Atom","href":"/atom.xml"}],["$","link",null,{"rel":"alternate","type":"application/json","title":"JSON","href":"/feed.json"}],["$","link",null,{"rel":"icon","href":"/favicon.ico","sizes":"any"}]]}],["$","body",null,{"className":"min-w-md overflow-x-hidden flex flex-col min-h-screen","children":[["$","$L2",null,{}],["$","main",null,{"className":"flex-grow","children":["$","$L3",null,{"parallelRouterKey":"children","error":"$undefined","errorStyles":"$undefined","errorScripts":"$undefined","template":["$","$L4",null,{}],"templateStyles":"$undefined","templateScripts":"$undefined","notFound":[["$","main",null,{"className":"flex flex-col items-center justify-center min-h-screen px-4 py-12","children":["$","div",null,{"className":"text-center mb-16","children":[["$","svg",null,{"className":"md:h-150 md:w-150 h-100 w-100","fill":"currentColor","xmlns":"http://www.w3.org/2000/svg","version":"1.1","viewBox":"0.00 0.00 1024.00 1024.00","children":[["$","g",null,{"strokeWidth":"2.00","fill":"none","strokeLinecap":"butt","children":[["$","path",null,{"stroke":"#7f8080","vectorEffect":"non-scaling-stroke","d":"$5"}],["$","path",null,{"stroke":"#7f8080","vectorEffect":"non-scaling-stroke","d":" M 323.71 386.70 C 324.01 383.59 321.45 379.86 319.33 377.38 C 312.56 369.46 301.63 361.92 290.84 363.88 Q 285.38 364.87 283.75 369.97 C 281.60 376.68 286.35 383.21 291.78 386.86 Q 303.23 394.56 315.48 394.21 Q 320.44 394.07 323.17 390.15 C 323.96 389.01 323.59 387.95 323.71 386.70"}],["$","path",null,{"stroke":"#7f8080","vectorEffect":"non-scaling-stroke","d":" M 293.66 419.29 C 286.98 420.09 279.04 422.72 274.80 428.23 C 271.04 433.10 269.73 439.76 275.22 444.09 C 280.87 448.56 291.14 447.05 297.19 444.44 Q 305.99 440.65 311.52 434.71 C 315.08 430.87 316.02 425.59 311.55 422.00 C 307.06 418.41 299.38 418.60 293.66 419.29"}],["$","path",null,{"stroke":"#7f8080","vectorEffect":"non-scaling-stroke","d":" M 313.71 468.69 C 307.82 473.80 301.47 483.96 307.03 491.64 C 310.79 496.84 318.30 496.39 323.00 492.78 C 329.02 488.17 333.20 480.62 333.40 473.27 Q 333.54 467.78 329.99 465.15 C 325.02 461.47 317.88 465.07 313.71 468.69"}],["$","path",null,{"stroke":"#7f8080","vectorEffect":"non-scaling-stroke","d":" M 808.33 774.16 C 810.88 773.49 813.02 770.44 811.85 767.71 Q 810.18 763.81 805.49 763.98 C 791.50 764.47 776.99 764.43 763.50 765.22 Q 734.44 766.94 720.45 767.24 C 700.73 767.66 681.01 768.44 661.27 768.69 C 642.92 768.93 624.73 769.28 606.25 769.33 Q 550.86 769.49 494.72 770.85 Q 483.99 771.11 474.73 771.25 Q 355.85 773.03 323.75 773.89 Q 264.03 775.50 214.25 775.91 Q 212.17 775.92 208.30 776.72 C 202.95 777.82 202.85 785.80 208.50 785.81 C 231.87 785.88 254.91 786.10 278.00 785.52 Q 353.50 783.63 428.99 782.77 Q 439.34 782.66 448.99 782.47 Q 543.70 780.63 580.25 780.57 Q 649.87 780.44 717.74 778.59 C 734.90 778.12 752.62 777.08 770.06 776.54 Q 787.58 776.01 802.78 775.02 Q 805.77 774.82 808.33 774.16"}],["$","path",null,{"stroke":"#7f8080","vectorEffect":"non-scaling-stroke","d":"$6"}],["$","path",null,{"stroke":"#7f8080","vectorEffect":"non-scaling-stroke","d":" M 629.6062 322.0435 A 3.41 3.41 0.0 0 0 627.1442 317.8969 L 616.6594 315.2243 A 3.41 3.41 0.0 0 0 612.5128 317.6864 L 612.4338 317.9965 A 3.41 3.41 0.0 0 0 614.8958 322.1431 L 625.3806 324.8157 A 3.41 3.41 0.0 0 0 629.5272 322.3536 L 629.6062 322.0435"}],["$","path",null,{"stroke":"#7f8080","vectorEffect":"non-scaling-stroke","d":" M 599.15 337.28 Q 593.23 333.61 586.73 331.51 C 583.15 330.36 580.94 334.28 584.13 336.88 Q 589.74 341.45 596.05 343.45 C 600.32 344.80 603.54 340.01 599.15 337.28"}],["$","path",null,{"stroke":"#7f8080","vectorEffect":"non-scaling-stroke","d":" M 470.62 340.81 C 466.03 352.62 465.37 366.27 467.44 378.58 Q 469.17 388.83 474.15 396.61 Q 481.55 408.15 494.68 414.31 Q 495.55 414.71 494.91 414.01 Q 491.22 409.98 487.76 405.80 C 476.75 392.48 473.28 373.41 474.90 356.09 C 475.39 350.79 476.93 345.67 478.02 340.36 Q 478.74 336.80 475.31 336.48 C 472.66 336.23 471.43 338.72 470.62 340.81"}],["$","path",null,{"stroke":"#7f8080","vectorEffect":"non-scaling-stroke","d":" M 558.39 345.66 C 555.88 343.87 552.06 338.62 548.64 340.81 C 546.05 342.47 547.79 345.75 549.40 347.34 Q 558.80 356.64 571.40 362.23 Q 573.83 363.30 575.65 361.38 Q 576.02 360.98 576.18 360.46 Q 577.19 356.95 573.95 355.27 Q 566.42 351.38 558.39 345.66"}],["$","path",null,{"stroke":"#7f8080","vectorEffect":"non-scaling-stroke","d":" M 623.89 407.50 Q 622.53 413.15 619.64 417.82 Q 618.66 419.39 620.01 418.13 Q 627.70 410.94 631.38 400.69 C 633.36 395.18 633.69 389.27 633.59 383.53 C 633.53 380.24 632.12 348.90 623.48 355.18 Q 622.18 356.12 622.37 357.85 C 622.90 362.58 624.42 366.92 625.14 371.57 Q 628.03 390.36 623.89 407.50"}],["$","path",null,{"stroke":"#7f8080","vectorEffect":"non-scaling-stroke","d":"$7"}],["$","path",null,{"stroke":"#7f8080","vectorEffect":"non-scaling-stroke","d":" M 451.30 468.74 Q 450.87 461.47 446.91 454.98 A 0.73 0.72 -40.5 0 0 445.74 454.89 Q 443.18 457.94 442.08 462.65 Q 440.21 470.63 444.04 478.36 Q 448.29 486.97 457.67 489.69 Q 458.98 490.07 458.20 488.95 Q 451.98 480.11 451.30 468.74"}],["$","path",null,{"stroke":"#7f8080","vectorEffect":"non-scaling-stroke","d":"$8"}],["$","path",null,{"stroke":"#7f8080","vectorEffect":"non-scaling-stroke","d":" M 566.62 513.85 C 558.82 515.39 550.50 516.76 542.42 517.14 A 0.75 0.75 0.0 0 0 541.72 517.75 C 540.06 526.17 546.66 532.45 554.38 533.94 Q 567.25 536.43 580.95 530.86 Q 586.09 528.76 590.46 526.41 Q 597.66 522.52 604.11 516.79 Q 615.44 506.71 620.49 492.30 Q 621.20 490.26 621.28 488.15 A 0.42 0.42 0.0 0 0 620.58 487.82 Q 611.88 495.90 601.79 501.20 Q 584.45 510.32 566.62 513.85"}],["$","path",null,{"stroke":"#7f8080","vectorEffect":"non-scaling-stroke","d":"$9"}],["$","path",null,{"stroke":"#7f8080","vectorEffect":"non-scaling-stroke","d":" M 805.39 619.35 C 802.35 621.69 799.49 624.08 797.42 627.26 C 795.21 630.66 798.58 634.42 802.24 631.74 Q 806.28 628.77 810.35 624.62 C 813.91 620.99 808.88 616.65 805.39 619.35"}],["$","path",null,{"stroke":"#7f8080","vectorEffect":"non-scaling-stroke","d":" M 818.2349 643.4771 A 6.10 3.75 -5.2 0 0 811.8201 640.2954 A 6.10 3.75 -5.2 0 0 806.0851 644.5829 A 6.10 3.75 -5.2 0 0 812.4999 647.7646 A 6.10 3.75 -5.2 0 0 818.2349 643.4771"}],["$","path",null,{"stroke":"#7f8080","vectorEffect":"non-scaling-stroke","d":" M 566.72 703.93 C 568.84 704.21 568.91 706.43 571.03 706.69 Q 578.10 707.53 584.48 707.75 A 0.83 0.82 -4.2 0 0 585.32 706.78 Q 584.86 704.14 583.81 701.64 Q 576.86 685.17 565.44 674.17 A 1.74 1.73 -35.7 0 0 563.47 673.85 C 561.44 674.81 559.19 674.68 557.04 675.19 Q 541.46 678.85 525.10 684.94 Q 522.53 685.90 520.60 687.71 Q 513.41 694.48 506.44 701.21 Q 503.85 703.70 507.01 705.42 Q 507.92 705.92 509.09 705.84 Q 512.68 705.61 514.99 702.87 Q 519.05 698.06 524.35 694.28 Q 527.11 692.31 529.70 694.92 C 530.98 696.21 530.48 698.00 529.46 699.24 Q 526.26 703.09 522.28 706.65 Q 520.76 708.01 522.76 708.45 L 523.65 708.64 A 3.93 3.91 -59.7 0 0 527.11 707.72 Q 531.07 704.17 535.31 700.10 C 537.55 697.96 541.56 694.73 544.39 697.27 C 547.63 700.17 541.28 705.83 539.41 707.70 A 1.26 1.26 0.0 0 0 539.32 709.40 Q 541.61 712.21 544.83 710.08 Q 548.38 707.73 551.98 705.83 C 556.97 703.21 561.23 703.20 566.72 703.93"}],["$","path",null,{"stroke":"#7f8080","vectorEffect":"non-scaling-stroke","d":"$a"}],["$","path",null,{"stroke":"#7f8080","vectorEffect":"non-scaling-stroke","d":" M 292.55 375.01 C 296.62 381.32 306.43 384.84 313.33 385.17 A 0.31 0.31 0.0 0 0 313.59 384.68 C 309.27 378.87 302.49 373.92 295.22 372.78 Q 294.07 372.60 293.14 373.02 A 1.37 1.36 -28.5 0 0 292.55 375.01"}],["$","path",null,{"stroke":"#7f8080","vectorEffect":"non-scaling-stroke","d":" M 548.8534 457.0747 A 11.43 7.72 77.4 0 0 553.8941 444.2359 A 11.43 7.72 77.4 0 0 543.8666 434.7653 A 11.43 7.72 77.4 0 0 538.8259 447.6041 A 11.43 7.72 77.4 0 0 548.8534 457.0747"}],["$","path",null,{"stroke":"#7f8080","vectorEffect":"non-scaling-stroke","d":" M 479.47 458.96 Q 480.40 461.44 482.96 462.61 Q 487.87 464.84 491.47 460.83 C 494.35 457.61 493.05 452.82 491.98 449.04 Q 491.02 445.65 488.46 443.12 C 485.07 439.76 480.17 440.89 478.42 445.32 C 476.70 449.68 477.85 454.68 479.47 458.96"}],["$","path",null,{"stroke":"#7f8080","vectorEffect":"non-scaling-stroke","d":" M 524.3659 473.5226 A 3.28 3.28 0.0 0 0 520.8492 470.4978 L 511.7549 471.1816 A 3.28 3.28 0.0 0 0 508.7301 474.6983 L 508.7541 475.0174 A 3.28 3.28 0.0 0 0 512.2708 478.0422 L 521.3651 477.3584 A 3.28 3.28 0.0 0 0 524.3899 473.8417 L 524.3659 473.5226"}],["$","path",null,{"stroke":"#7f8080","vectorEffect":"non-scaling-stroke","d":" M 281.15 436.87 C 287.18 440.48 299.22 434.10 303.99 429.70 A 0.69 0.69 0.0 0 0 304.09 428.79 Q 303.81 428.39 303.33 428.34 C 296.49 427.63 284.71 428.84 280.74 435.18 A 1.22 1.21 31.5 0 0 281.15 436.87"}],["$","path",null,{"stroke":"#7f8080","vectorEffect":"non-scaling-stroke","d":" M 323.24 473.29 C 319.72 474.87 313.63 480.32 313.88 484.60 A 1.74 1.74 0.0 0 0 316.11 486.17 C 320.45 484.88 323.64 477.67 324.15 473.98 A 0.66 0.65 81.9 0 0 323.24 473.29"}],["$","path",null,{"stroke":"#7f8080","vectorEffect":"non-scaling-stroke","d":" M 586.01 659.47 Q 585.47 661.59 586.82 663.42 Q 591.12 669.26 594.72 674.93 Q 602.77 687.63 607.02 702.98 Q 608.26 707.48 612.95 706.82 Q 613.06 706.81 613.15 706.76 Q 617.28 704.71 616.08 700.30 Q 611.40 683.23 600.97 668.18 Q 598.13 664.10 593.89 659.72 Q 591.33 657.07 588.32 657.40 Q 587.46 657.49 586.81 658.12 Q 586.21 658.69 586.01 659.47"}],["$","path",null,{"stroke":"#7f8080","vectorEffect":"non-scaling-stroke","d":" M 634.14 673.24 C 635.39 676.26 636.31 679.27 638.25 681.94 C 642.20 687.41 648.74 682.78 646.11 676.80 C 645.07 674.44 638.42 659.99 633.83 666.01 C 632.30 668.02 633.26 671.12 634.14 673.24"}],["$","path",null,{"stroke":"#7f8080","vectorEffect":"non-scaling-stroke","d":" M 628.77 682.84 C 626.32 677.34 624.29 671.78 620.75 667.01 C 618.21 663.60 613.37 665.05 614.84 669.78 C 616.60 675.45 617.98 681.69 620.65 686.88 C 622.01 689.52 626.02 690.78 628.13 688.05 Q 630.01 685.62 628.77 682.84"}]]}],["$","path",null,{"fill":"#feffff","d":"$b"}],["$","path",null,{"fill":"#000000","d":"$c"}],["$","path",null,{"fill":"#feffff","d":"$d"}],["$","rect",null,{"fill":"#feffff","x":"-8.82","y":"-3.57","transform":"translate(621.02,320.02) rotate(14.3)","width":"17.64","height":"7.14","rx":"3.41"}],["$","path",null,{"fill":"#feffff","d":" M 599.15 337.28 C 603.54 340.01 600.32 344.80 596.05 343.45 Q 589.74 341.45 584.13 336.88 C 580.94 334.28 583.15 330.36 586.73 331.51 Q 593.23 333.61 599.15 337.28 Z"}],["$","path",null,{"fill":"#feffff","d":" M 467.44 378.58 C 465.37 366.27 466.03 352.62 470.62 340.81 C 471.43 338.72 472.66 336.23 475.31 336.48 Q 478.74 336.80 478.02 340.36 C 476.93 345.67 475.39 350.79 474.90 356.09 C 473.28 373.41 476.75 392.48 487.76 405.80 Q 491.22 409.98 494.91 414.01 Q 495.55 414.71 494.68 414.31 Q 481.55 408.15 474.15 396.61 Q 469.17 388.83 467.44 378.58 Z"}],["$","path",null,{"fill":"#feffff","d":" M 558.39 345.66 Q 566.42 351.38 573.95 355.27 Q 577.19 356.95 576.18 360.46 Q 576.02 360.98 575.65 361.38 Q 573.83 363.30 571.40 362.23 Q 558.80 356.64 549.40 347.34 C 547.79 345.75 546.05 342.47 548.64 340.81 C 552.06 338.62 555.88 343.87 558.39 345.66 Z"}],["$","path",null,{"fill":"#feffff","d":" M 623.89 407.50 Q 628.03 390.36 625.14 371.57 C 624.42 366.92 622.90 362.58 622.37 357.85 Q 622.18 356.12 623.48 355.18 C 632.12 348.90 633.53 380.24 633.59 383.53 C 633.69 389.27 633.36 395.18 631.38 400.69 Q 627.70 410.94 620.01 418.13 Q 618.66 419.39 619.64 417.82 Q 622.53 413.15 623.89 407.50 Z"}],["$","path",null,{"fill":"#000000","d":" M 323.71 386.70 C 323.59 387.95 323.96 389.01 323.17 390.15 Q 320.44 394.07 315.48 394.21 Q 303.23 394.56 291.78 386.86 C 286.35 383.21 281.60 376.68 283.75 369.97 Q 285.38 364.87 290.84 363.88 C 301.63 361.92 312.56 369.46 319.33 377.38 C 321.45 379.86 324.01 383.59 323.71 386.70 Z M 292.55 375.01 C 296.62 381.32 306.43 384.84 313.33 385.17 A 0.31 0.31 0.0 0 0 313.59 384.68 C 309.27 378.87 302.49 373.92 295.22 372.78 Q 294.07 372.60 293.14 373.02 A 1.37 1.36 -28.5 0 0 292.55 375.01 Z"}],["$","path",null,{"fill":"#feffff","d":" M 313.33 385.17 C 306.43 384.84 296.62 381.32 292.55 375.01 A 1.37 1.36 -28.5 0 1 293.14 373.02 Q 294.07 372.60 295.22 372.78 C 302.49 373.92 309.27 378.87 313.59 384.68 A 0.31 0.31 0.0 0 1 313.33 385.17 Z"}],["$","path",null,{"fill":"#feffff","d":"$e"}],["$","path",null,{"fill":"#000000","d":" M 293.66 419.29 C 299.38 418.60 307.06 418.41 311.55 422.00 C 316.02 425.59 315.08 430.87 311.52 434.71 Q 305.99 440.65 297.19 444.44 C 291.14 447.05 280.87 448.56 275.22 444.09 C 269.73 439.76 271.04 433.10 274.80 428.23 C 279.04 422.72 286.98 420.09 293.66 419.29 Z M 281.15 436.87 C 287.18 440.48 299.22 434.10 303.99 429.70 A 0.69 0.69 0.0 0 0 304.09 428.79 Q 303.81 428.39 303.33 428.34 C 296.49 427.63 284.71 428.84 280.74 435.18 A 1.22 1.21 31.5 0 0 281.15 436.87 Z"}],["$","path",null,{"fill":"#feffff","d":" M 303.99 429.70 C 299.22 434.10 287.18 440.48 281.15 436.87 A 1.22 1.21 31.5 0 1 280.74 435.18 C 284.71 428.84 296.49 427.63 303.33 428.34 Q 303.81 428.39 304.09 428.79 A 0.69 0.69 0.0 0 1 303.99 429.70 Z"}],["$","ellipse",null,{"fill":"#000000","cx":"0.00","cy":"0.00","transform":"translate(546.36,445.92) rotate(77.4)","rx":"11.43","ry":"7.72"}],["$","path",null,{"fill":"#000000","d":" M 479.47 458.96 C 477.85 454.68 476.70 449.68 478.42 445.32 C 480.17 440.89 485.07 439.76 488.46 443.12 Q 491.02 445.65 491.98 449.04 C 493.05 452.82 494.35 457.61 491.47 460.83 Q 487.87 464.84 482.96 462.61 Q 480.40 461.44 479.47 458.96 Z"}],["$","path",null,{"fill":"#feffff","d":" M 451.30 468.74 Q 451.98 480.11 458.20 488.95 Q 458.98 490.07 457.67 489.69 Q 448.29 486.97 444.04 478.36 Q 440.21 470.63 442.08 462.65 Q 443.18 457.94 445.74 454.89 A 0.73 0.72 -40.5 0 1 446.91 454.98 Q 450.87 461.47 451.30 468.74 Z"}],["$","path",null,{"fill":"#000000","d":" M 313.71 468.69 C 317.88 465.07 325.02 461.47 329.99 465.15 Q 333.54 467.78 333.40 473.27 C 333.20 480.62 329.02 488.17 323.00 492.78 C 318.30 496.39 310.79 496.84 307.03 491.64 C 301.47 483.96 307.82 473.80 313.71 468.69 Z M 323.24 473.29 C 319.72 474.87 313.63 480.32 313.88 484.60 A 1.74 1.74 0.0 0 0 316.11 486.17 C 320.45 484.88 323.64 477.67 324.15 473.98 A 0.66 0.65 81.9 0 0 323.24 473.29 Z"}],["$","rect",null,{"fill":"#000000","x":"-7.84","y":"-3.44","transform":"translate(516.56,474.27) rotate(-4.3)","width":"15.68","height":"6.88","rx":"3.28"}],["$","path",null,{"fill":"#feffff","d":"$f"}],["$","path",null,{"fill":"#feffff","d":" M 313.88 484.60 C 313.63 480.32 319.72 474.87 323.24 473.29 A 0.66 0.65 81.9 0 1 324.15 473.98 C 323.64 477.67 320.45 484.88 316.11 486.17 A 1.74 1.74 0.0 0 1 313.88 484.60 Z"}],["$","path",null,{"fill":"#feffff","d":" M 542.42 517.14 C 550.50 516.76 558.82 515.39 566.62 513.85 Q 584.45 510.32 601.79 501.20 Q 611.88 495.90 620.58 487.82 A 0.42 0.42 0.0 0 1 621.28 488.15 Q 621.20 490.26 620.49 492.30 Q 615.44 506.71 604.11 516.79 Q 597.66 522.52 590.46 526.41 Q 586.09 528.76 580.95 530.86 Q 567.25 536.43 554.38 533.94 C 546.66 532.45 540.06 526.17 541.72 517.75 A 0.75 0.75 0.0 0 1 542.42 517.14 Z"}],["$","path",null,{"fill":"#feffff","d":"$10"}],["$","path",null,{"fill":"#feffff","d":" M 797.42 627.26 C 799.49 624.08 802.35 621.69 805.39 619.35 C 808.88 616.65 813.91 620.99 810.35 624.62 Q 806.28 628.77 802.24 631.74 C 798.58 634.42 795.21 630.66 797.42 627.26 Z"}],["$","ellipse",null,{"fill":"#feffff","cx":"0.00","cy":"0.00","transform":"translate(812.16,644.03) rotate(-5.2)","rx":"6.10","ry":"3.75"}],["$","path",null,{"fill":"#000000","d":" M 586.01 659.47 Q 586.21 658.69 586.81 658.12 Q 587.46 657.49 588.32 657.40 Q 591.33 657.07 593.89 659.72 Q 598.13 664.10 600.97 668.18 Q 611.40 683.23 616.08 700.30 Q 617.28 704.71 613.15 706.76 Q 613.06 706.81 612.95 706.82 Q 608.26 707.48 607.02 702.98 Q 602.77 687.63 594.72 674.93 Q 591.12 669.26 586.82 663.42 Q 585.47 661.59 586.01 659.47 Z"}],["$","path",null,{"fill":"#000000","d":" M 634.14 673.24 C 633.26 671.12 632.30 668.02 633.83 666.01 C 638.42 659.99 645.07 674.44 646.11 676.80 C 648.74 682.78 642.20 687.41 638.25 681.94 C 636.31 679.27 635.39 676.26 634.14 673.24 Z"}],["$","path",null,{"fill":"#000000","d":" M 620.75 667.01 C 624.29 671.78 626.32 677.34 628.77 682.84 Q 630.01 685.62 628.13 688.05 C 626.02 690.78 622.01 689.52 620.65 686.88 C 617.98 681.69 616.60 675.45 614.84 669.78 C 613.37 665.05 618.21 663.60 620.75 667.01 Z"}],["$","path",null,{"fill":"#feffff","d":" M 571.03 706.69 C 568.91 706.43 568.84 704.21 566.72 703.93 C 561.23 703.20 556.97 703.21 551.98 705.83 Q 548.38 707.73 544.83 710.08 Q 541.61 712.21 539.32 709.40 A 1.26 1.26 0.0 0 1 539.41 707.70 C 541.28 705.83 547.63 700.17 544.39 697.27 C 541.56 694.73 537.55 697.96 535.31 700.10 Q 531.07 704.17 527.11 707.72 A 3.93 3.91 -59.7 0 1 523.65 708.64 L 522.76 708.45 Q 520.76 708.01 522.28 706.65 Q 526.26 703.09 529.46 699.24 C 530.48 698.00 530.98 696.21 529.70 694.92 Q 527.11 692.31 524.35 694.28 Q 519.05 698.06 514.99 702.87 Q 512.68 705.61 509.09 705.84 Q 507.92 705.92 507.01 705.42 Q 503.85 703.70 506.44 701.21 Q 513.41 694.48 520.60 687.71 Q 522.53 685.90 525.10 684.94 Q 541.46 678.85 557.04 675.19 C 559.19 674.68 561.44 674.81 563.47 673.85 A 1.74 1.73 -35.7 0 1 565.44 674.17 Q 576.86 685.17 583.81 701.64 Q 584.86 704.14 585.32 706.78 A 0.83 0.82 -4.2 0 1 584.48 707.75 Q 578.10 707.53 571.03 706.69 Z"}],["$","path",null,{"fill":"#feffff","d":"$11"}],["$","path",null,{"fill":"#000000","d":" M 811.85 767.71 C 813.02 770.44 810.88 773.49 808.33 774.16 Q 805.77 774.82 802.78 775.02 Q 787.58 776.01 770.06 776.54 C 752.62 777.08 734.90 778.12 717.74 778.59 Q 649.87 780.44 580.25 780.57 Q 543.70 780.63 448.99 782.47 Q 439.34 782.66 428.99 782.77 Q 353.50 783.63 278.00 785.52 C 254.91 786.10 231.87 785.88 208.50 785.81 C 202.85 785.80 202.95 777.82 208.30 776.72 Q 212.17 775.92 214.25 775.91 Q 264.03 775.50 323.75 773.89 Q 355.85 773.03 474.73 771.25 Q 483.99 771.11 494.72 770.85 Q 550.86 769.49 606.25 769.33 C 624.73 769.28 642.92 768.93 661.27 768.69 C 681.01 768.44 700.73 767.66 720.45 767.24 Q 734.44 766.94 763.50 765.22 C 776.99 764.43 791.50 764.47 805.49 763.98 Q 810.18 763.81 811.85 767.71 Z"}]]}],["$","h1",null,{"className":"text-4xl font-bold mb-4","children":"404 Not Found"}],["$","p",null,{"className":"mb-8 text-lg text-muted-foreground","children":"The page you're looking for doesn't exist or has been moved."}],["$","$L12",null,{"href":"/","className":"inline-block","children":["$","button",null,{"className":"cursor-pointer rounded-md bg-primary px-6 py-4 text-lg font-semibold text-primary-foreground transition-all hover:opacity-85 hover:shadow-lg","children":"Return Home"}]}]]}]}],[]],"forbidden":"$undefined","unauthorized":"$undefined"}]}],["$","footer",null,{"className":"mt-16 border-t border-border py-6","children":["$","div",null,{"className":"container mx-auto max-w-3xl px-4 text-center text-sm text-muted-foreground","children":["© 2025 trag0idia Powered by"," ",["$","$L12",null,{"href":"https://github.com/guangzhengli/nextjs-blog-template","className":"underline transition-colors hover:text-foreground","target":"_blank","rel":"noopener noreferrer","children":"Nextjs Blog"}]]}]}],["$","$L13",null,{"websiteId":"","umamiUrl":""}],["$","$L14",null,{}]]}]]}]]}],{"children":["blog",["$","$1","c",{"children":[null,["$","$L3",null,{"parallelRouterKey":"children","error":"$undefined","errorStyles":"$undefined","errorScripts":"$undefined","template":["$","$L4",null,{}],"templateStyles":"$undefined","templateScripts":"$undefined","notFound":"$undefined","forbidden":"$undefined","unauthorized":"$undefined"}]]}],{"children":[["slug","linux-network-packet-receive-transmit-source-code","c"],["$","$1","c",{"children":[null,["$","$L3",null,{"parallelRouterKey":"children","error":"$undefined","errorStyles":"$undefined","errorScripts":"$undefined","template":["$","$L4",null,{}],"templateStyles":"$undefined","templateScripts":"$undefined","notFound":"$undefined","forbidden":"$undefined","unauthorized":"$undefined"}]]}],{"children":["__PAGE__",["$","$1","c",{"children":["$L15","$undefined",[["$","link","0",{"rel":"stylesheet","href":"/_next/static/css/2f46e0db0d4a3aed.css","precedence":"next","crossOrigin":"$undefined","nonce":"$undefined"}]],["$","$L16",null,{"children":["$L17","$L18",null]}]]}],{},null,false]},null,false]},null,false]},null,false],["$","$1","h",{"children":[null,["$","$1","ydlZ0UBngKKml9KNqtZFh",{"children":[["$","$L19",null,{"children":"$L1a"}],null]}],["$","$L1b",null,{"children":"$L1c"}]]}],false]],"m":"$undefined","G":["$1d","$undefined"],"s":false,"S":true}
1e:I[61663,["988","static/chunks/993e5495-ceced5df4a7d4ff5.js","9425","static/chunks/bf2ff291-175a61ce06570ee5.js","7330","static/chunks/d3ac728e-d9ea9418175c70ca.js","9323","static/chunks/25b8c134-bf7c1d613611dad7.js","8897","static/chunks/71d5b6fe-a160bf55b2f45703.js","6874","static/chunks/6874-de6c384b2254c878.js","4277","static/chunks/4277-16b302ead844c3c3.js","8676","static/chunks/8676-541b7046ecd4553b.js","6909","static/chunks/app/blog/%5B...slug%5D/page-a3e7837a86861ac6.js"],"default",1]
20:I[58885,["988","static/chunks/993e5495-ceced5df4a7d4ff5.js","9425","static/chunks/bf2ff291-175a61ce06570ee5.js","7330","static/chunks/d3ac728e-d9ea9418175c70ca.js","9323","static/chunks/25b8c134-bf7c1d613611dad7.js","8897","static/chunks/71d5b6fe-a160bf55b2f45703.js","6874","static/chunks/6874-de6c384b2254c878.js","4277","static/chunks/4277-16b302ead844c3c3.js","8676","static/chunks/8676-541b7046ecd4553b.js","6909","static/chunks/app/blog/%5B...slug%5D/page-a3e7837a86861ac6.js"],"default"]
21:I[52582,["988","static/chunks/993e5495-ceced5df4a7d4ff5.js","9425","static/chunks/bf2ff291-175a61ce06570ee5.js","7330","static/chunks/d3ac728e-d9ea9418175c70ca.js","9323","static/chunks/25b8c134-bf7c1d613611dad7.js","8897","static/chunks/71d5b6fe-a160bf55b2f45703.js","6874","static/chunks/6874-de6c384b2254c878.js","4277","static/chunks/4277-16b302ead844c3c3.js","8676","static/chunks/8676-541b7046ecd4553b.js","6909","static/chunks/app/blog/%5B...slug%5D/page-a3e7837a86861ac6.js"],"DashboardTableOfContents"]
22:I[49950,["988","static/chunks/993e5495-ceced5df4a7d4ff5.js","9425","static/chunks/bf2ff291-175a61ce06570ee5.js","7330","static/chunks/d3ac728e-d9ea9418175c70ca.js","9323","static/chunks/25b8c134-bf7c1d613611dad7.js","8897","static/chunks/71d5b6fe-a160bf55b2f45703.js","6874","static/chunks/6874-de6c384b2254c878.js","4277","static/chunks/4277-16b302ead844c3c3.js","8676","static/chunks/8676-541b7046ecd4553b.js","6909","static/chunks/app/blog/%5B...slug%5D/page-a3e7837a86861ac6.js"],"GoToTop"]
1f:T8167,> [!warning]- AI 生成说明
> 本文由 AI 生成，尚未经过人工审阅，仅供个人学习参考；内容可能存在错误或遗漏，请结合官方文档和实际环境核对。

网卡收到一帧数据以后，CPU 不会在硬中断里一路执行到应用进程。典型的收包过程会分成几段：设备先把数据写进内存，驱动在中断中调度 NAPI，软中断批量取包，协议栈完成路由和传输层处理，最后把数据放进 socket 的接收队列并唤醒进程。

发包方向也不是简单地把这条路倒过来。应用调用 `sendmsg` 后，TCP 可能先把数据留在发送队列里，等待拥塞窗口、接收窗口、Nagle 算法或 pacing 允许发送；真正发出的 `sk_buff` 还要经过输出路由、Netfilter、邻居子系统、qdisc 和驱动的发送队列。

本文以 Linux v7.1、以太网、IPv4 和 TCP/UDP 的常规路径为基准。不同网卡驱动、内核配置和 offload 设置会改变局部函数，但从 `net_device` 进入通用网络栈以后，主干结构基本一致。XDP、桥接、隧道和 XFRM 会在主路径上增加分支，文中只在它们影响整体理解的位置说明。

## 收包与发包的主路径

下面的主路径省略了错误处理、批处理函数、分片、组播和各种旁路。

~~~text
收包

NIC RX queue / descriptor ring
        │  DMA 完成，设备产生中断
        ▼
驱动中断处理函数
        │  napi_schedule()
        ▼
NET_RX_SOFTIRQ
        │  net_rx_action()
        ▼
驱动 napi->poll()
        │  取 RX descriptor，构造 skb，GRO
        ▼
__netif_receive_skb_core()
        │  按二层协议分发
        ▼
ip_rcv()
        │  PREROUTING
        ▼
ip_rcv_finish()
        │  输入路由
        ├──────── 本地路由 ────────► ip_local_deliver()
        │                              │ LOCAL_IN
        │                              ▼
        │                         tcp_v4_rcv() / udp_rcv()
        │                              │
        │                              ▼
        │                         socket 接收队列
        │
        └──────── 转发路由 ────────► ip_forward()
                                       │ FORWARD
                                       ▼
                                  ip_output()

发包

sendmsg()
   │
   ├─ TCP: tcp_sendmsg() → 写队列 → tcp_write_xmit()
   └─ UDP: udp_sendmsg() → 构造一个数据报
                  │
                  ▼
            ip_local_out()
                  │ LOCAL_OUT
                  ▼
              ip_output()
                  │ POST_ROUTING
                  ▼
          ip_finish_output2()
                  │ 邻居解析、二层首部
                  ▼
           __dev_queue_xmit()
                  │ qdisc
                  ▼
          dev_hard_start_xmit()
                  │ ndo_start_xmit
                  ▼
           NIC TX descriptor ring
~~~

图里的 `LOCAL_IN` 和 `LOCAL_OUT` 是内核枚举名的一部分，iptables 通常把对应链显示为 `INPUT` 和 `OUTPUT`。这些 hook 位于 IP 层，不是网卡刚收到数据时最先执行的代码。

## RX descriptor ring 与 NAPI

网卡驱动初始化设备时，会为一个或多个 RX queue 准备描述符环。描述符中保存可供设备写入的缓冲区地址和长度，驱动把这些内存映射给 DMA 后交给设备。数据帧到达时，设备选择一个 RX queue，把数据写入描述符指向的内存，再更新完成状态。

多队列网卡通常使用 RSS 根据 IP 地址、端口等字段计算 hash，把不同流分到不同 RX queue。每个队列常与一个 MSI-X 中断和一个 NAPI 实例关联，因此队列选择也大致决定了最初在哪个 CPU 上处理这个包。RSS 是硬件分流；RPS 则发生得更晚，它可以在软件中把后续协议处理转交给其他 CPU。

如果每收到一个包都在硬中断中跑完整协议栈，高流量下 CPU 会不断进出中断。NAPI 的做法是让中断只负责通知“队列里有活”，真正的批量处理由 poll 完成。

驱动中断处理函数的典型结构接近下面这样：

~~~c
/* 示意代码，省略具体设备寄存器和并发细节 */
irqreturn_t rx_irq_handler(...)
{
    acknowledge_device_irq();

    if (napi_schedule_prep(&rxq->napi)) {
        mask_queue_irq(rxq);
        __napi_schedule(&rxq->napi);
    }

    return IRQ_HANDLED;
}
~~~

`__napi_schedule()` 会把 `napi_struct` 放入当前 CPU 的 `softnet_data.poll_list`，并触发 `NET_RX_SOFTIRQ`。中断保持屏蔽，避免队列明明已经在轮询，设备还为每个新包继续打断 CPU。

软中断入口是 `net_rx_action()`，位于 `net/core/dev.c`。它从本 CPU 的 poll list 中取出 NAPI 实例，再由 `napi_poll()`、`__napi_poll()` 调用驱动注册的 `napi->poll()`。poll 带有 budget：驱动一次最多向上提交指定数量的 RX 包，防止某个繁忙网卡长期占住软中断。

`NET_RX_SOFTIRQ` 可以在中断返回阶段执行；如果超过全局包数或时间预算，剩余工作会留给后续软中断，忙碌时常由 `ksoftirqd/<cpu>` 继续。启用 threaded NAPI 后，poll 也可以在专用内核线程中运行，这属于执行上下文的变体，不改变驱动按 budget 批量处理队列的接口。

驱动 poll 的典型工作包括：

1. 检查 RX descriptor 是否已由设备完成；
2. 解除或同步 DMA 映射；
3. 从 page pool 等内存池取回数据页；
4. 执行 native XDP 程序；
5. 为需要进入常规协议栈的包构造 `sk_buff`；
6. 设置协议、校验和、VLAN、hash 等元数据；
7. 调用 `napi_gro_receive()`；
8. 补充新的 RX buffer，重新交给设备。

如果处理完所有已完成描述符，驱动调用 `napi_complete_done()` 释放这个 NAPI 实例，并重新打开队列中断。如果正好耗尽 budget，驱动通常让 NAPI 保持 scheduled，内核稍后继续 poll，不需要设备再触发一次中断。

硬中断因而只做很少的工作，收包主体运行在软中断上下文。软中断不能睡眠，这也是网络接收路径大量使用 per-CPU 数据、RCU、spinlock 和原子内存分配的原因之一。

## sk_buff 的数据布局与元数据

驱动把数据交给协议栈时，核心对象是 `struct sk_buff`，通常简称 skb。它更像一份包的元数据和所有权记录，实际字节可以位于线性缓冲区，也可以散布在多个 page fragment 中。

几个字段贯穿整条路径：

| 字段或区域 | 用途 |
| --- | --- |
| `skb->data`、`len`、`data_len` | 当前可见数据起点、总长度和非线性数据长度 |
| `mac_header`、`network_header`、`transport_header` | 二层、三层、四层首部的相对位置 |
| `skb->dev`、`skb_iif` | 当前设备和输入接口索引 |
| `skb->protocol` | 二层解析出的上层协议，如 `ETH_P_IP` |
| `skb->mark` | 策略路由、Netfilter 和 tc 可使用的标记 |
| `skb->_skb_refdst` | 路由结果，即关联的 `dst_entry` |
| `skb->sk` | 与 skb 关联的 socket；收包早期通常为空 |
| `ip_summed`、`csum` | 硬件或软件校验和状态 |
| `skb_shared_info` | page frags、GSO 类型、分段大小等共享信息 |

`skb_clone()` 只复制 skb 元数据，底层数据仍可共享；真正改写共享数据前需要 copy-on-write。TCP 会保留发送数据用于重传，同时向下层发送 clone，这正是引用计数和 header clone 机制存在的重要原因。

GRO 会尝试把同一流的多个包合并成一个较大的 skb，再交给上层处理。发包方向的 GSO/TSO 则允许协议栈向下提交一个较大的 skb，由软件靠近驱动的位置或网卡硬件再切成 MTU 大小的帧。因此，抓到的一个 skb、线上一个以太网帧、一次 NAPI poll 处理的单位和一次 `sendmsg` 写入的数据，并不天然是一一对应关系。

## 从驱动进入通用接收路径

未被 XDP 丢弃或重定向的包通常经过 `napi_gro_receive()`。GRO 合并完成后，skb 会进入 `netif_receive_skb()` 一带的通用接收代码，核心函数是 `__netif_receive_skb_core()`。

这一层还没有进入 IPv4。它先处理通用的 ingress 逻辑，例如：

- generic XDP；
- tc ingress；
- VLAN 解封装；
- `rx_handler`，bridge、bond 等设备会使用它；
- AF_PACKET 抓包；
- 按 `packet_type` 查找上层协议处理函数。

IPv4 初始化时在 `net/ipv4/af_inet.c` 注册了下面这个 `packet_type`：

~~~c
static struct packet_type ip_packet_type __read_mostly = {
    .type = cpu_to_be16(ETH_P_IP),
    .func = ip_rcv,
    .list_func = ip_list_rcv,
};
~~~

驱动通常会先调用 `eth_type_trans()` 解析以太网首部，把 IPv4 帧的 `skb->protocol` 设为 `ETH_P_IP`。`__netif_receive_skb_core()` 最终据此找到 `ip_packet_type`，把 skb 交给 `ip_rcv()`。IPv6、ARP 和其他协议各自注册自己的 `packet_type`。

native XDP 的位置比 skb 更早。支持它的驱动可直接在 RX buffer 上执行 BPF 程序，`XDP_DROP` 的包不会构造完整 skb，也不会进入 `ip_rcv()`。tc ingress 和 Netfilter 的 IP hook 则都在 skb 已经存在之后。

## ip_rcv 与 PREROUTING

`ip_rcv()` 是单个 IPv4 skb 的入口。它先通过 `ip_rcv_core()` 检查版本、首部长度、总长度和首部校验和，调整 skb 长度并清理 IPv4 控制块。首部不合法的包在这里就会被丢弃。

通过检查后，代码进入 `NF_INET_PRE_ROUTING`：

~~~c
return NF_HOOK(NFPROTO_IPV4, NF_INET_PRE_ROUTING,
               net, NULL, skb, dev, NULL,
               ip_rcv_finish);
~~~

这段代码的含义是：先执行当前网络命名空间中注册在 IPv4 PREROUTING 上的 Netfilter 回调；如果 verdict 允许继续，再调用 `ip_rcv_finish()`。conntrack、DNAT、iptables 或 nftables 都可能在这里处理 skb。

PREROUTING 位于输入路由之前很关键。DNAT 如果在这里改了目的地址，紧接着进行的路由查找会使用新地址，包究竟进入本机还是被转发也可能随之改变。

## ip_rcv_finish 的路由分支

`ip_rcv_finish()` 经常被概括成“判断包是本地接收还是转发”。这个结果确实在它附近产生，但实际实现不是函数中直接写一个本机地址判断。

Linux 把路由结果封装在 `dst_entry` 中。对输入包来说，`dst_entry.input` 是后续处理函数。`ip_rcv_finish_core()` 在 skb 还没有有效路由时调用 `ip_route_input_noref()`：

~~~c
/* 根据 net/ipv4/ip_input.c 缩减，只保留路由调用 */
if (!skb_valid_dst(skb))
    err = ip_route_input_noref(skb, iph->daddr, iph->saddr,
                               ip4h_dscp(iph), dev);
~~~

输入路由查找会查询当前网络命名空间的 FIB，并考虑目的地址、源地址、入接口、TOS/DSCP、`fwmark` 和策略路由规则。它创建或取得 `rtable` 后挂到 skb 上，同时设置 `dst.input`。

`net/ipv4/route.c` 中最能说明这个设计的是两处赋值：

~~~c
/* 带 RTCF_LOCAL 的路由 */
if (flags & RTCF_LOCAL)
    rt->dst.input = ip_local_deliver;

/* 普通单播转发路由 */
rth->dst.input = ip_forward;
~~~

`ip_rcv_finish()` 完成路由和 IP options 处理后调用 `dst_input(skb)`。后者本质上是执行 `skb_dst(skb)->input(skb)`，于是控制流才真正分开：

~~~text
ip_rcv_finish
  ├─ ip_rcv_finish_core
  │    └─ ip_route_input_noref
  │         └─ 把路由结果和 input 回调挂到 skb
  │
  └─ dst_input
       ├─ ip_local_deliver    本地路由
       ├─ ip_forward          转发路由
       ├─ ip_error            不可达等错误路由
       └─ 其他类型            组播、轻量级隧道等
~~~

所以这里不只是一个布尔判断。路由对象同时保存出口设备、下一跳、MTU、路由类型、XFRM/LWT 状态以及 input/output 回调，后续代码通过这个对象继续处理。

`ip_rcv_finish_core()` 还可能执行 early demux。以已建立 TCP 连接为例，内核可以较早查到 socket 和缓存路由，减少后面重复查表的成本。early demux 是优化，不改变本地投递与转发的基本分支。

## 本地投递到 TCP 和 UDP

本地路由的 `dst.input` 指向 `ip_local_deliver()`。如果 IPv4 包是分片，它先在本地投递位置重组，然后进入 `NF_INET_LOCAL_IN`。Netfilter 放行后，`ip_local_deliver_finish()` 去掉 IP 首部在 skb 当前数据区中的位置，再由 `ip_protocol_deliver_rcu()` 根据 `iph->protocol` 查找四层处理函数。

IPv4 协议表 `inet_protos[]` 中，TCP 对应 `tcp_v4_rcv()`，UDP 对应 `udp_rcv()`：

~~~text
ip_local_deliver
  └─ NF_INET_LOCAL_IN
       └─ ip_local_deliver_finish
            └─ ip_protocol_deliver_rcu
                 ├─ tcp_v4_rcv
                 ├─ udp_rcv
                 ├─ icmp_rcv
                 └─ raw protocol handler
~~~

### TCP 收包

`tcp_v4_rcv()` 先检查 TCP 首部和校验和，再按照网络命名空间、源/目的地址、源/目的端口和输入接口查找 socket。查找结果可能是 established socket、listen socket、request socket 或 TIME_WAIT socket，不同状态走不同分支。

对已建立连接，关键路径可以缩写为：

~~~text
tcp_v4_rcv
  └─ __inet_lookup_skb / socket hash lookup
       └─ bh_lock_sock_nested
            ├─ socket 当前未被进程持有
            │    └─ tcp_v4_do_rcv
            │         └─ tcp_rcv_established 或 tcp_rcv_state_process
            │              └─ 数据进入接收队列，更新 ACK/窗口状态
            │
            └─ socket 正由进程持有
                 └─ tcp_add_backlog
                      └─ 稍后由 release_sock 处理 backlog
~~~

软中断不能等待用户进程释放 socket 锁。若进程正在系统调用中持有 socket，收包路径会把 skb 放到 backlog；进程释放 socket 时再处理。否则可以直接运行 TCP 状态机。

通过序号、窗口和校验和检查的数据进入 TCP 的接收队列。若有进程阻塞在 `recvmsg`、`read` 或 `epoll_wait`，socket 的 data-ready 回调会唤醒等待者。进程真正读数据时，`tcp_recvmsg()` 从接收队列复制或引用数据到用户提供的缓冲区。网络软中断负责把数据送进 socket，用户进程醒来后才负责把数据取走，这两个动作不在同一个执行上下文中。

### UDP 收包

`udp_rcv()` 的结构更直接：验证 UDP 长度和校验和，按四元组与接口查找 socket，再由 `udp_queue_rcv_skb()` 把数据报排入接收队列。`udp_recvmsg()` 一次读取一个数据报；用户缓冲区太小时可能截断，但不会像 TCP 一样把多个数据报拼成字节流。

没有匹配 UDP socket 时，内核通常丢弃数据报并返回 ICMP Port Unreachable；广播、组播、策略检查和校验和错误有各自分支。

## 转发路径中的 TTL、FORWARD 与出口

转发路由的 `dst.input` 指向 `ip_forward()`。输入路由阶段已经根据接口的 forwarding 配置决定能否建立这条转发路由；`ip_forward()` 接手后不会把数据交给本机 TCP/UDP，而是继续处理 TTL、路由策略、MTU 和 ICMP 错误。

主要顺序是：

~~~text
ip_forward
  ├─ XFRM forward policy
  ├─ 检查 TTL，必要时返回 ICMP Time Exceeded
  ├─ 检查出口 MTU
  ├─ copy-on-write 后递减 TTL，更新 IP checksum
  └─ NF_INET_FORWARD
       └─ ip_forward_finish
            └─ dst_output
                 └─ ip_output
                      └─ NF_INET_POST_ROUTING
~~~

路由查找发生在 `ip_forward()` 之前，因此 FORWARD hook 能同时看到输入设备和已经选定的输出设备。SNAT/MASQUERADE 通常位于 POSTROUTING，因为此时出口和下一跳已经确定。

转发包也会走 `ip_output()`、邻居子系统、qdisc 和驱动发送路径，但不会经过本机 socket。开启 IP forwarding 只是允许进入这条内核路径；FORWARD 上的防火墙策略仍然可以丢包。

## sendmsg 到 TCP 发送队列

应用发包从系统调用和 socket 文件开始。`send()`、`sendto()` 和 `sendmsg()` 最终都会走到 socket 层的发送逻辑，`sock_sendmsg()` 再调用协议注册的 `sendmsg` 方法。

对 TCP 来说，这个方法是 `tcp_sendmsg()`。它加 socket 锁后进入 `tcp_sendmsg_locked()`，把用户数据复制或以 zero-copy 方式挂到 skb，随后放入 `sk_write_queue`。此时“写入内核成功”并不保证数据已经交给网卡。

TCP 需要同时满足多项条件才能发送：

- 对端通告的接收窗口允许；
- 本机拥塞窗口允许；
- pacing 时间已到；
- Nagle、`TCP_CORK`、`MSG_MORE` 等没有要求继续聚合；
- 本机发送内存和 TCP Small Queues 没有形成背压。

允许发送时，`tcp_push()` 一带会走到 `tcp_write_xmit()`。它根据 MSS、TSO、拥塞窗口和接收窗口选择要发送的数据，必要时切分 skb，然后调用 `tcp_transmit_skb()` 构造 TCP 首部。IPv4 的 AF-specific 发送回调最终进入 `ip_queue_xmit()` / `__ip_queue_xmit()`。

~~~text
sendmsg syscall
  └─ sock_sendmsg
       └─ tcp_sendmsg
            └─ tcp_sendmsg_locked
                 ├─ 把用户数据放入 sk_write_queue
                 └─ tcp_push
                      └─ __tcp_push_pending_frames
                           └─ tcp_write_xmit
                                └─ tcp_transmit_skb
                                     └─ ip_queue_xmit
~~~

TCP 原始发送 skb 还要留在重传队列中，直到 ACK 确认。下层拿到的通常是 clone；如果发生丢包，定时器或快速重传路径会再次调用发送逻辑。发包不一定发生在调用 `sendmsg` 的进程上下文中，也可能由软中断、定时器或 ACK 处理触发。

UDP 没有拥塞控制和字节流发送队列。常规非 cork 路径中，`udp_sendmsg()` 完成输出路由，调用 `ip_make_skb()` 组织一个数据报，`udp_send_skb()` 填写 UDP 首部，再由 `ip_send_skb()` 进入 IP 输出。`MSG_MORE` 或 `UDP_CORK` 会让多个写入暂存在 cork 中，直到 flush 时组成一个 UDP 数据报。

## LOCAL_OUT、POST_ROUTING 与邻居子系统

`__ip_queue_xmit()` 使用 socket 缓存的路由，缓存无效时调用 `ip_route_output_flow()` 重新查找，然后压入 IPv4 首部并调用 `ip_local_out()`。

`__ip_local_out()` 计算 IP 首部校验和后进入 `NF_INET_LOCAL_OUT`。这里的 Netfilter 规则可以修改目的地址、mark 或其他影响路由的字段，因此 hook 返回后可能需要重新路由。随后 `dst_output()` 调用路由对象的 output 回调；普通 IPv4 单播路由通常指向 `ip_output()`。

`ip_output()` 设置出口设备和协议，再经过 `NF_INET_POST_ROUTING`。放行后由 `ip_finish_output()` 检查 MTU、GSO 和分片，最后进入 `ip_finish_output2()`。

~~~text
ip_queue_xmit / ip_send_skb
  └─ ip_local_out
       └─ NF_INET_LOCAL_OUT
            └─ dst_output
                 └─ ip_output
                      └─ NF_INET_POST_ROUTING
                           └─ ip_finish_output
                                └─ ip_finish_output2
~~~

`ip_finish_output2()` 已经知道出口设备和下一跳 IP。它通过 neighbour table 查找下一跳对应的二层地址。邻居项可用时，`neigh_output()` 填写以太网首部并继续发送；邻居项未解析时，skb 可能先排在邻居队列中，同时发出 ARP 请求。收到 ARP 响应后，等待的 skb 才会继续。于是一次 `sendmsg` 可能因为 ARP 尚未完成而暂时停在邻居子系统，而不是立刻进入网卡队列。

## qdisc 与 ndo_start_xmit

二层首部准备好后，`dev_queue_xmit()` 进入 `__dev_queue_xmit()`。它选择 TX queue，执行 tc egress，并把 skb 交给该队列的 qdisc。

qdisc 不只是“一个队列”。它可以执行排队、分类、整形、延迟和丢包策略。`fq`、`fq_codel`、`htb` 和 `netem` 都在这里工作。无队列设备或满足直接发送条件时，skb 也可能跳过常规排队。

qdisc 取出可发送的 skb 后，经 `sch_direct_xmit()` 到 `dev_hard_start_xmit()`。后者处理可能由 GSO 产生的 skb 链表，`xmit_one()` 再通过 `netdev_start_xmit()` 调用设备驱动注册的 `ndo_start_xmit`。

~~~text
__dev_queue_xmit
  ├─ 选择 TX queue / XPS
  ├─ tc egress
  └─ qdisc enqueue + run
       └─ sch_direct_xmit
            └─ validate_xmit_skb_list
                 ├─ 必要时软件 GSO 分段
                 ├─ 必要时软件计算 checksum
                 └─ dev_hard_start_xmit
                      └─ netdev_start_xmit
                           └─ driver ndo_start_xmit
~~~

驱动的 `ndo_start_xmit` 把 skb 的线性区和 page frags 映射给 DMA，填写 TX descriptor，更新 ring tail 或 doorbell 寄存器，通知设备取走描述符。如果 ring 快满了，驱动会停止对应的 netdev queue；回收出空间后再唤醒。

网卡完成发送后会更新 TX descriptor。驱动通常在 NAPI poll 中同时处理 TX completion：解除 DMA 映射、释放已发送 skb、推进 ring 的 clean 指针。NAPI 因而不只用于收包，官方接口也允许 poll 在 budget 为 0 时只处理 TX completion。

`ndo_start_xmit()` 返回 `NETDEV_TX_OK` 表示驱动已经接管 skb，不等于比特已经离开网口。真正的硬件发送和 completion 发生在后面。

## 执行上下文与队列边界

把路径按执行上下文拆开，很多并发问题会更容易理解：

| 阶段 | 常见上下文 | 能否睡眠 | 主要队列或对象 |
| --- | --- | --- | --- |
| 驱动中断处理 | hardirq | 不能 | RX/TX ring、NAPI 状态 |
| NAPI poll 与协议收包 | NET_RX_SOFTIRQ | 不能 | per-CPU poll list、skb、socket backlog |
| 应用 `sendmsg` / `recvmsg` | 进程上下文 | 可以在合适位置阻塞 | socket 发送/接收队列 |
| TCP 定时器、ACK 触发发送 | softirq / timer | 不能 | 重传队列、write queue |
| qdisc 延后发送 | NET_TX_SOFTIRQ 等 | 不能 | qdisc、TX queue |

一条 TCP 连接的数据可能在多个上下文间交接。锁、backlog、引用计数和 RCU 不是附属细节，而是保证这些交接成立的基础。

几个常见的性能现象也能从这些边界解释：

- `/proc/interrupts` 某个网卡队列集中在一个 CPU，可能是 IRQ affinity 或 RSS 分布问题；
- `/proc/softirqs` 的 `NET_RX` 很高，说明主要成本已从硬中断转到软中断；
- `/proc/net/softnet_stat` 出现 backlog 丢包或 time squeeze，通常表示 CPU 来不及完成协议处理；
- qdisc backlog 持续增长，问题已经越过 IP 层，可能是整形、链路带宽或驱动队列背压；
- socket receive queue 堆积，则包已经通过网卡、IP 和传输层，应用读取速度更值得检查。

## network namespace、veth 与 Kubernetes

网络命名空间隔离的不只是网卡名字。路由表、Netfilter 规则、socket、邻居表和协议栈 sysctl 大多都按 namespace 保存。`ip_rcv()` 中使用的 `net` 来自输入设备所属的命名空间，路由查找和 hook 执行也在这个 namespace 中进行。

veth 是成对的软件网卡。一端执行发送后，skb 会被送到 peer 端的接收路径；如果 peer 位于另一个 namespace，后续协议栈就在那个 namespace 中运行。veth 没有物理 DMA ring，但从通用 netdevice ingress、IP 路由、Netfilter 到 socket 的主干与物理网卡相同。

Kubernetes Pod 的常见路径正是这套机制的组合。以 veth 模式为例：

~~~text
Pod 进程 sendmsg
  → Pod namespace 的路由和 OUTPUT/POSTROUTING
  → Pod veth
  → host 端 veth 接收路径
  → host namespace 的 bridge 或三层路由
  → Netfilter / eBPF / IPVS 等数据面处理
  → 物理网卡、另一个 veth 或隧道设备
~~~

具体会经过 bridge、主机路由、VXLAN、IPIP 还是 eBPF redirect，取决于 CNI。排查 Pod 网络时，应先确认当前 skb 属于哪个 net_device 和 namespace，再讨论它会查哪套路由、经过哪套 Netfilter 规则。只画一张主机命名空间的 `PREROUTING → FORWARD → POSTROUTING` 图，经常会漏掉 Pod namespace 中已经发生的一段处理。

## 用 network namespace 验证路由分支

实验使用三个 namespace：`ns-src` 作为客户端，`ns-rtr` 作为路由器，`ns-dst` 作为目标端。这个拓扑可以同时验证本地投递和转发，但 veth 不包含物理网卡 DMA 部分。

需要 Linux 主机、root 权限和 `iproute2`。源码函数计数还需要 bpftrace；没有 bpftrace 也可以完成连通性和抓包验证。

### 建立拓扑

~~~bash
sudo ip netns add ns-src
sudo ip netns add ns-rtr
sudo ip netns add ns-dst

sudo ip link add src0 type veth peer name rtr0
sudo ip link add rtr1 type veth peer name dst0

sudo ip link set src0 netns ns-src
sudo ip link set rtr0 netns ns-rtr
sudo ip link set rtr1 netns ns-rtr
sudo ip link set dst0 netns ns-dst

sudo ip -n ns-src addr add 10.10.1.2/24 dev src0
sudo ip -n ns-rtr addr add 10.10.1.1/24 dev rtr0
sudo ip -n ns-rtr addr add 10.10.2.1/24 dev rtr1
sudo ip -n ns-dst addr add 10.10.2.2/24 dev dst0

sudo ip -n ns-src link set lo up
sudo ip -n ns-rtr link set lo up
sudo ip -n ns-dst link set lo up
sudo ip -n ns-src link set src0 up
sudo ip -n ns-rtr link set rtr0 up
sudo ip -n ns-rtr link set rtr1 up
sudo ip -n ns-dst link set dst0 up

sudo ip -n ns-src route add default via 10.10.1.1
sudo ip -n ns-dst route add default via 10.10.2.1
sudo ip netns exec ns-rtr sysctl -w net.ipv4.ip_forward=1
~~~

检查两个路由结果：

~~~bash
sudo ip netns exec ns-src ip route get 10.10.1.1
sudo ip netns exec ns-src ip route get 10.10.2.2
~~~

第一个目的地址属于 `ns-rtr`，包进入 `ns-rtr` 后应走本地路由。第二个目的地址属于 `ns-dst`，`ns-rtr` 的输入路由应选 `rtr1` 并走转发路径。

### 统计 ip_rcv、ip_local_deliver 和 ip_forward

先在宿主机运行：

~~~bash
sudo bpftrace -e '
kprobe:ip_rcv            { @ip_rcv = count(); }
kprobe:ip_local_deliver  { @local = count(); }
kprobe:ip_forward        { @forward = count(); }
kprobe:tcp_v4_rcv        { @tcp = count(); }

interval:s:5 {
  print(@ip_rcv);
  print(@local);
  print(@forward);
  print(@tcp);
  clear(@ip_rcv);
  clear(@local);
  clear(@forward);
  clear(@tcp);
}'
~~~

另开终端验证本地投递：

~~~bash
sudo ip netns exec ns-src ping -c 3 10.10.1.1
~~~

这组包到达 `ns-rtr` 后，`ip_local_deliver` 的计数应增加。再验证转发：

~~~bash
sudo ip netns exec ns-src ping -c 3 10.10.2.2
~~~

这时 `ns-rtr` 上的输入包会进入 `ip_forward`，目标 namespace 收到后仍会进入一次 `ip_local_deliver`。因此一次端到端 ping 可能同时增加 forward 和 local 计数。

这些 kprobe 是整台主机的聚合计数，后台流量也会被统计，不能据此证明某一个 skb 依次经过了全部函数。实验 namespace 能降低干扰，但严格的单包关联需要在 eBPF 程序中携带 skb 指针、五元组等标识，并处理 skb clone、GRO 和地址复用问题。部分发行版也会限制 kprobe 或隐藏符号，可先运行 `sudo bpftrace -l 'kprobe:ip_*'` 检查可用性。

### 验证 TCP 的本地投递

ICMP ping 能确认路由分支，但不会进入 `tcp_v4_rcv()`。在 `ns-rtr` 中启动一个监听 socket：

~~~bash
sudo ip netns exec ns-rtr \
  python3 -m http.server 8080 --bind 10.10.1.1
~~~

另开终端从客户端访问：

~~~bash
sudo ip netns exec ns-src curl http://10.10.1.1:8080/
sudo ip netns exec ns-rtr ss -tn '( sport = :8080 or dport = :8080 )'
~~~

请求在 `ns-rtr` 中走 `ip_local_deliver → tcp_v4_rcv`，bpftrace 的 `@local` 和 `@tcp` 都应增加。服务器终端收到 HTTP 请求，说明 skb 已经越过 TCP 查找和 socket 接收队列，最终被用户进程读走。

再在 `ns-dst` 中启动相同服务：

~~~bash
sudo ip netns exec ns-dst \
  python3 -m http.server 8080 --bind 10.10.2.2
~~~

从 `ns-src` 访问 `http://10.10.2.2:8080/` 时，`ns-rtr` 处理请求和响应的转发，`ns-dst` 才负责本地 TCP 投递。观察聚合计数时会同时看到 `@forward`、`@local` 和 `@tcp` 增长。实验完成后在两个服务器终端按 `Ctrl+C` 停止进程。

### 观察两个出口上的同一转发包

分别抓取路由器的两端：

~~~bash
sudo ip netns exec ns-rtr tcpdump -ni rtr0 icmp
sudo ip netns exec ns-rtr tcpdump -ni rtr1 icmp
~~~

再从 `ns-src` ping `10.10.2.2`。请求包会先出现在 `rtr0`，TTL 递减后出现在 `rtr1`；回复包方向相反。若 `ip_forward` 有计数而出口抓不到包，应继续检查 FORWARD hook、出口路由、邻居解析和 qdisc，而不是再回头怀疑 RX ring。

实验结束后删除 namespace。与 namespace 一起创建的 veth 会被内核回收：

~~~bash
sudo ip netns del ns-src
sudo ip netns del ns-rtr
sudo ip netns del ns-dst
~~~

## 在真实网卡上观察 NAPI 与 offload

network namespace 实验覆盖了 netdevice 以上的软件路径。物理网卡队列和 NAPI 则可以从队列配置、中断、软中断、驱动统计和 offload 状态着手观察。

查看队列、中断和软中断：

~~~bash
ip -s link show dev eth0
ethtool -l eth0
ethtool -x eth0
grep -iE 'eth0|mlx|ixgbe|i40e|ice|ena|virtio' /proc/interrupts
grep -E 'NET_RX|NET_TX' /proc/softirqs
cat /proc/net/softnet_stat
~~~

查看驱动统计和 offload：

~~~bash
ethtool -S eth0
ethtool -k eth0
tc -s qdisc show dev eth0
ss -tin
nstat -az
~~~

接口名和驱动计数器名称需要按机器调整。关注 RX missed/no buffer、checksum error、TX timeout、qdisc drop、TCP retransmit 和 socket queue 等指标，可以判断丢包或排队大致发生在哪一层。

抓包时还要考虑 offload。接收方向 GRO 可能让主机上的抓包工具看到比线包更大的 skb；发送方向 TSO 也可能让 tcpdump 在分段前看到大包。为了对照实验，可以临时关闭某个测试接口的 GRO/GSO/TSO：

~~~bash
sudo ethtool -K eth0 gro off gso off tso off
~~~

这会改变性能和实际执行路径，不应在生产接口上随意操作。恢复时应以 `ethtool -k eth0` 记录的原始状态为准，而不是假定所有功能原本都开启。

## 源码阅读入口

继续深入时，可以沿下面的文件顺序阅读。先追主干，再回头看异常分支，比从单个驱动函数开始漫游更容易建立整体结构。

| 阶段 | Linux v7.1 源码 |
| --- | --- |
| NAPI、通用收包、qdisc 入口 | [`net/core/dev.c`](https://github.com/torvalds/linux/blob/v7.1/net/core/dev.c) |
| GRO | [`net/core/gro.c`](https://github.com/torvalds/linux/blob/v7.1/net/core/gro.c) |
| skb 定义与辅助函数 | [`include/linux/skbuff.h`](https://github.com/torvalds/linux/blob/v7.1/include/linux/skbuff.h) |
| IPv4 协议注册 | [`net/ipv4/af_inet.c`](https://github.com/torvalds/linux/blob/v7.1/net/ipv4/af_inet.c) |
| IPv4 接收与本地投递 | [`net/ipv4/ip_input.c`](https://github.com/torvalds/linux/blob/v7.1/net/ipv4/ip_input.c) |
| IPv4 输入/输出路由 | [`net/ipv4/route.c`](https://github.com/torvalds/linux/blob/v7.1/net/ipv4/route.c) |
| IPv4 转发 | [`net/ipv4/ip_forward.c`](https://github.com/torvalds/linux/blob/v7.1/net/ipv4/ip_forward.c) |
| IPv4 输出 | [`net/ipv4/ip_output.c`](https://github.com/torvalds/linux/blob/v7.1/net/ipv4/ip_output.c) |
| TCP IPv4 接收 | [`net/ipv4/tcp_ipv4.c`](https://github.com/torvalds/linux/blob/v7.1/net/ipv4/tcp_ipv4.c) |
| TCP send/recv 系统调用实现 | [`net/ipv4/tcp.c`](https://github.com/torvalds/linux/blob/v7.1/net/ipv4/tcp.c) |
| TCP 构包、拥塞窗口和发送 | [`net/ipv4/tcp_output.c`](https://github.com/torvalds/linux/blob/v7.1/net/ipv4/tcp_output.c) |
| UDP 收发 | [`net/ipv4/udp.c`](https://github.com/torvalds/linux/blob/v7.1/net/ipv4/udp.c) |
| qdisc 调度 | [`net/sched/sch_generic.c`](https://github.com/torvalds/linux/blob/v7.1/net/sched/sch_generic.c) |

内核文档中的 [NAPI](https://docs.kernel.org/networking/napi.html)、[`struct sk_buff`](https://docs.kernel.org/networking/skbuff.html)、[网络栈多核扩展](https://docs.kernel.org/networking/scaling.html) 和 [net_device 驱动接口](https://docs.kernel.org/networking/netdevices.html) 可以与源码对照阅读。

整条路径最终可以归结为几次明确的所有权交接：设备把完成的 RX descriptor 交给驱动，驱动把 skb 交给通用协议栈，路由把 skb 的后续处理交给本地投递或转发函数，传输层把数据交给 socket；发送方向则从 socket 重新生成或取出 skb，经路由、邻居、qdisc 交给驱动，最后在 TX completion 中释放。定位问题时，只要先确认包越过了哪一次交接，排查范围就能缩小一层。15:["$","main",null,{"className":"relative py-6 max-w-full md:max-w-6xl mx-auto lg:gap-10 lg:py-8 xl:grid xl:grid-cols-[1fr_300px]","children":[["$","div",null,{"className":"max-w-4xl mx-auto w-full px-6","children":[["$","div",null,{"className":"my-8","children":["$","h1",null,{"className":"text-[32px] font-bold","children":"Linux 网络收发包：从网卡队列到 socket"}]}],["$","div",null,{"className":"my-4","children":["$","p",null,{"className":"text-sm","children":["2026年8月31日"," · ",6968," 字"]}]}],["$","div",null,{"className":"mb-8 flex flex-wrap gap-2","aria-label":"文章标签","children":[["$","$L12","Linux",{"href":"/tags#Linux","className":"group inline-flex items-center rounded-full border border-border bg-secondary px-3 py-1 text-xs font-medium text-secondary-foreground transition-all hover:-translate-y-0.5 hover:bg-accent hover:shadow-sm","children":[["$","span",null,{"className":"mr-1 text-muted-foreground transition-transform group-hover:scale-110","children":"#"}],"Linux"]}],["$","$L12","网络",{"href":"/tags#网络","className":"group inline-flex items-center rounded-full border border-border bg-secondary px-3 py-1 text-xs font-medium text-secondary-foreground transition-all hover:-translate-y-0.5 hover:bg-accent hover:shadow-sm","children":[["$","span",null,{"className":"mr-1 text-muted-foreground transition-transform group-hover:scale-110","children":"#"}],"网络"]}],["$","$L12","源码分析",{"href":"/tags#源码分析","className":"group inline-flex items-center rounded-full border border-border bg-secondary px-3 py-1 text-xs font-medium text-secondary-foreground transition-all hover:-translate-y-0.5 hover:bg-accent hover:shadow-sm","children":[["$","span",null,{"className":"mr-1 text-muted-foreground transition-transform group-hover:scale-110","children":"#"}],"源码分析"]}],["$","$L12","AI 生成",{"href":"/tags#AI 生成","className":"group inline-flex items-center rounded-full border border-border bg-secondary px-3 py-1 text-xs font-medium text-secondary-foreground transition-all hover:-translate-y-0.5 hover:bg-accent hover:shadow-sm","children":[["$","span",null,{"className":"mr-1 text-muted-foreground transition-transform group-hover:scale-110","children":"#"}],"AI 生成"]}]]}],["$","div",null,{"className":"article-content","children":["$","$L1e",null,{"content":"$1f"}]}],["$","$L20",null,{}]]}],["$","div",null,{"className":"hidden text-sm xl:block","children":["$","div",null,{"className":"sticky top-16 -mt-6 h-[calc(100vh-3.5rem)]","children":["$","div",null,{"className":"h-full overflow-auto pb-10 flex flex-col justify-between mt-16 [&::-webkit-scrollbar]:hidden [-ms-overflow-style:'none'] [scrollbar-width:'none']","children":["$","$L21",null,{"toc":{"items":[{"url":"#收包与发包的主路径","title":"收包与发包的主路径"},{"url":"#rx-descriptor-ring-与-napi","title":"RX descriptor ring 与 NAPI"},{"url":"#sk_buff-的数据布局与元数据","title":"sk_buff 的数据布局与元数据"},{"url":"#从驱动进入通用接收路径","title":"从驱动进入通用接收路径"},{"url":"#ip_rcv-与-prerouting","title":"ip_rcv 与 PREROUTING"},{"url":"#ip_rcv_finish-的路由分支","title":"ip_rcv_finish 的路由分支"},{"url":"#本地投递到-tcp-和-udp","title":"本地投递到 TCP 和 UDP","items":[{"url":"#tcp-收包","title":"TCP 收包"},{"url":"#udp-收包","title":"UDP 收包"}]},{"url":"#转发路径中的-ttlforward-与出口","title":"转发路径中的 TTL、FORWARD 与出口"},{"url":"#sendmsg-到-tcp-发送队列","title":"sendmsg 到 TCP 发送队列"},{"url":"#local_outpost_routing-与邻居子系统","title":"LOCAL_OUT、POST_ROUTING 与邻居子系统"},{"url":"#qdisc-与-ndo_start_xmit","title":"qdisc 与 ndo_start_xmit"},{"url":"#执行上下文与队列边界","title":"执行上下文与队列边界"},{"url":"#network-namespaceveth-与-kubernetes","title":"network namespace、veth 与 Kubernetes"},{"url":"#用-network-namespace-验证路由分支","title":"用 network namespace 验证路由分支","items":[{"url":"#建立拓扑","title":"建立拓扑"},{"url":"#统计-ip_rcvip_local_deliver-和-ip_forward","title":"统计 ip_rcv、ip_local_deliver 和 ip_forward"},{"url":"#验证-tcp-的本地投递","title":"验证 TCP 的本地投递"},{"url":"#观察两个出口上的同一转发包","title":"观察两个出口上的同一转发包"}]},{"url":"#在真实网卡上观察-napi-与-offload","title":"在真实网卡上观察 NAPI 与 offload"},{"url":"#源码阅读入口","title":"源码阅读入口"}]}}]}]}]}],["$","$L22",null,{}]]}]
1a:[["$","meta","0",{"charSet":"utf-8"}],["$","meta","1",{"name":"viewport","content":"width=device-width, initial-scale=1"}]]
17:null
18:null
1c:[["$","title","0",{"children":"Linux 网络收发包：从网卡队列到 socket"}],["$","meta","1",{"name":"description","content":"Linux 网络收发包：从网卡队列到 socket"}],["$","link","2",{"rel":"manifest","href":"/site.webmanifest","crossOrigin":"$undefined"}],["$","meta","3",{"name":"keywords","content":"Linux,网络协议栈,NAPI,sk_buff,ip_rcv,TCP,UDP,qdisc,源码分析"}],["$","link","4",{"rel":"canonical","href":"https://xxx.com/blog/linux-network-packet-receive-transmit-source-code"}],["$","meta","5",{"name":"mobile-web-app-capable","content":"yes"}],["$","meta","6",{"name":"apple-mobile-web-app-title","content":":))"}],["$","meta","7",{"name":"apple-mobile-web-app-status-bar-style","content":"default"}],["$","meta","8",{"property":"og:title","content":"Linux 网络收发包：从网卡队列到 socket"}],["$","meta","9",{"property":"og:description","content":"Linux 网络收发包：从网卡队列到 socket"}],["$","meta","10",{"property":"og:url","content":"https://xxx.com/undefined/linux-network-packet-receive-transmit-source-code"}],["$","meta","11",{"property":"og:image","content":"https://xxx.com/og-image.png"}],["$","meta","12",{"property":"og:type","content":"website"}],["$","meta","13",{"name":"twitter:card","content":"summary_large_image"}],["$","meta","14",{"name":"twitter:creator","content":"@xxx"}],["$","meta","15",{"name":"twitter:title","content":"Linux 网络收发包：从网卡队列到 socket"}],["$","meta","16",{"name":"twitter:description","content":"Linux 网络收发包：从网卡队列到 socket"}],["$","meta","17",{"name":"twitter:image","content":"https://xxx.com/og-image.png"}],["$","link","18",{"rel":"icon","href":"/favicon.png","sizes":"48x48","type":"image/png"}],["$","link","19",{"rel":"icon","href":"/favicon.svg","type":"image/svg+xml"}],["$","link","20",{"rel":"apple-touch-icon","href":"/favicon.png","sizes":"180x180"}]]
